8,1744889,1.0
8,1395430,2.0
8,1205593,4.0
8,1488844,4.0
8,1447354,1.0
8,306466,4.0
8,1331154,4.0
8,1818178,3.0
8,991725,4.0
8,1987434,4.0
8,1765381,4.0
8,433803,3.0
8,1148143,2.0
8,1174811,5.0
8,1684516,3.0
8,754781,4.0
8,567025,4.0
8,1623132,4.0
8,1567095,3.0
8,1666394,5.0
8,622194,4.0
8,966375,4.0
8,116582,1.0
8,1646405,5.0
8,174868,2.0
8,327122,4.0
8,135348,2.0
8,944189,4.0
8,1041552,3.0
8,2459251,4.0
8,2327803,4.0
8,440723,2.0
8,1826612,2.0
8,1574266,1.0
8,2105990,4.0
8,1515871,1.0
8,1339724,3.0
8,2161899,3.0
8,46036,2.0
8,885929,2.0
8,180200,4.0
8,603277,1.0
8,2551764,3.0
8,1951144,2.0
8,1977925,4.0
8,2162424,4.0
8,2637831,4.0
8,1620735,2.0
8,1863499,5.0
8,2239227,4.0
8,361407,3.0
8,227469,1.0
8,1854947,2.0
8,2030564,2.0
8,411537,2.0
8,581766,3.0
8,2004175,3.0
8,452192,2.0
8,2002276,1.0
8,2459804,5.0
8,2439795,2.0
8,228190,4.0
8,1265877,4.0
8,61863,4.0
8,2628763,3.0
8,21983,2.0
8,958382,3.0
8,2570542,5.0
8,248932,1.0
8,2605003,2.0
8,459486,4.0
8,1117379,2.0
8,1378970,4.0
8,489962,1.0
8,360830,2.0
8,19106,2.0
8,922922,3.0
8,322178,1.0
8,2059716,4.0
8,419330,5.0
8,1007809,4.0
8,319119,3.0
8,1333,3.0
8,1113647,5.0
8,2530840,5.0
8,793754,1.0
8,675390,1.0
8,1097350,1.0
8,2416619,1.0
8,2125035,3.0
8,2127805,1.0
8,2577867,1.0
8,2541025,1.0
8,1478381,3.0
8,2543231,3.0
8,221091,1.0
8,1874317,4.0
8,212729,4.0
8,880866,2.0
8,324026,3.0
8,1249686,2.0
8,1684328,5.0
8,2397231,4.0
8,2268573,1.0
8,2475820,3.0
8,2286538,3.0
8,69779,1.0
8,513501,3.0
8,1784146,4.0
8,1037313,1.0
8,854454,3.0
8,1616406,4.0
8,1888772,5.0
8,1931966,2.0
8,2622904,2.0
8,1630930,3.0
8,1645535,3.0
8,107840,2.0
8,1188167,4.0
8,1819877,3.0
8,327691,4.0
8,1599243,3.0
8,1292617,2.0
8,933168,2.0
8,612895,3.0
8,557562,1.0
8,1890622,2.0
8,229195,4.0
8,2162245,4.0
8,315484,5.0
8,2514164,3.0
8,1743758,3.0
8,1990523,3.0
8,697010,2.0
8,1979921,1.0
8,1572469,1.0
8,2596383,3.0
8,264856,5.0
8,304879,2.0
8,310799,4.0
8,137982,1.0
8,1586699,5.0
8,2487958,5.0
8,1673185,2.0
8,2387904,3.0
8,1902434,5.0
8,2202206,4.0
8,2355791,2.0
8,1227322,5.0
8,2173758,1.0
8,1888322,1.0
8,1903175,3.0
8,1794933,2.0
8,2537989,1.0
8,916412,1.0
8,968447,2.0
8,1400056,4.0
8,1594764,2.0
8,1737886,3.0
8,2252223,1.0
8,1187565,2.0
8,987066,5.0
8,488900,5.0
8,560944,4.0
8,564748,3.0
8,371300,1.0
8,446309,3.0
8,1135038,2.0
8,2294864,2.0
8,959714,5.0
8,652797,2.0
8,779945,4.0
8,2503676,3.0
8,1527895,3.0
8,367976,3.0
8,838138,2.0
8,423270,3.0
8,2522946,5.0
8,1602952,1.0
8,2407154,3.0
8,1203779,1.0
8,1988873,4.0
8,2289991,4.0
8,43751,4.0
8,347583,2.0
8,96124,3.0
8,2171355,1.0
8,1398918,3.0
8,2056324,4.0
8,2404146,4.0
8,1179117,4.0
8,1466320,3.0
8,2105661,4.0
8,949660,3.0
8,1747154,5.0
8,2203834,4.0
8,2430867,2.0
8,1365840,4.0
8,1484015,3.0
8,2364099,3.0
8,1648695,5.0
8,847615,3.0
8,525356,4.0
8,98044,3.0
8,2371105,2.0
8,1294583,1.0
8,649969,5.0
8,1857952,3.0
8,1915354,4.0
8,2072798,3.0
8,1103813,3.0
8,409592,2.0
8,1002367,3.0
8,1733406,3.0
8,2213715,3.0
8,625699,2.0
8,2284627,2.0
8,2014322,3.0
8,1581163,3.0
8,781778,3.0
8,493830,1.0
8,1424487,3.0
8,1118103,4.0
8,401047,2.0
8,2116402,5.0
8,1840435,3.0
8,2145575,4.0
8,1538173,3.0
8,530675,4.0
8,741587,4.0
8,660175,2.0
8,363163,5.0
8,503179,1.0
8,2364018,3.0
8,2219063,3.0
8,1784150,3.0
8,2568779,3.0
8,1871937,3.0
8,1716910,5.0
8,1509395,1.0
8,491074,4.0
8,670748,1.0
8,1305872,4.0
8,1176800,4.0
8,1555812,2.0
8,1944824,5.0
8,1468766,5.0
8,1469133,3.0
8,1346269,1.0
8,1329723,5.0
8,784041,3.0
8,923889,1.0
8,2421481,4.0
8,1952473,5.0
8,2207273,3.0
8,1253349,3.0
8,1931026,4.0
8,1630967,4.0
8,1938727,4.0
8,1724717,2.0
8,2254664,1.0
8,1270901,4.0
8,2521442,3.0
8,1676207,4.0
8,2280656,2.0
8,431646,3.0
8,334004,4.0
8,505375,5.0
8,1138195,3.0
8,2219553,4.0
8,29231,3.0
8,447303,3.0
8,1553126,3.0
8,1506293,2.0
8,1582303,3.0
8,810953,5.0
8,1930463,2.0
8,295928,2.0
8,1658467,4.0
8,1237096,3.0
8,145615,5.0
8,803911,4.0
8,2167204,4.0
8,2296095,5.0
8,1652711,4.0
8,469021,4.0
8,493082,4.0
8,785433,2.0
8,1289074,1.0
8,1001129,3.0
8,1613882,4.0
8,256656,3.0
8,2074813,4.0
8,1700782,1.0
8,796682,1.0
8,486399,5.0
8,966058,4.0
8,859354,5.0
8,567822,4.0
8,503235,4.0
8,753836,2.0
8,2072326,2.0
8,1035499,5.0
8,2604976,5.0
8,2425195,4.0
8,2052862,5.0
8,978437,3.0
8,2647197,1.0
8,1220431,4.0
8,116761,5.0
8,501042,3.0
8,1801389,2.0
8,1124822,4.0
8,1944684,4.0
8,1466332,4.0
8,2421651,4.0
8,135698,2.0
8,2344669,3.0
8,1447639,4.0
8,513210,5.0
8,1534345,3.0
8,648186,4.0
8,232994,5.0
8,1003201,1.0
8,1947240,3.0
8,2128254,4.0
8,303821,3.0
8,236149,2.0
8,293284,4.0
8,1619747,3.0
8,2284891,4.0
8,884032,2.0
8,1150238,4.0
8,732363,3.0
8,2640550,3.0
8,220627,2.0
8,1977831,1.0
8,691878,3.0
8,1489344,5.0
8,2149827,3.0
8,186506,3.0
8,2250843,5.0
8,1308242,5.0
8,595279,4.0
8,2556305,1.0
8,1538750,3.0
8,754187,3.0
8,629358,1.0
8,162854,4.0
8,2348692,4.0
8,1896167,2.0
8,737489,1.0
8,830282,1.0
8,1737384,4.0
8,349572,4.0
8,395747,3.0
8,317504,2.0
8,22663,1.0
8,1973573,3.0
8,394194,3.0
8,1802239,1.0
8,1663569,5.0
8,663654,3.0
8,831643,5.0
8,705923,3.0
8,1536171,2.0
8,2491070,2.0
8,1786541,3.0
8,1242266,5.0
8,428168,4.0
8,90281,3.0
8,1947415,3.0
8,1623333,3.0
8,1168153,4.0
8,1623991,3.0
8,434567,1.0
8,2587160,3.0
8,842026,3.0
8,883478,5.0
8,2453729,1.0
8,33430,1.0
8,1488177,5.0
8,1796217,3.0
8,291676,3.0
8,1030857,1.0
8,1112889,2.0
8,40563,3.0
8,1894853,4.0
8,1683507,5.0
8,2060560,5.0
8,443193,3.0
8,2644289,5.0
8,2474053,4.0
8,1558950,2.0
8,1662714,2.0
8,1879195,3.0
8,2457710,4.0
8,2330565,5.0
8,1635708,4.0
8,80478,5.0
8,977973,4.0
8,1850088,1.0
8,1094027,2.0
8,2209618,5.0
8,1056435,4.0
8,1275651,2.0
8,706264,4.0
8,1975483,2.0
8,430459,3.0
8,931877,3.0
8,1566455,5.0
8,410857,3.0
8,2420478,4.0
8,847018,4.0
8,491766,5.0
8,133707,3.0
8,277916,1.0
8,268567,4.0
8,2130859,2.0
8,1965893,4.0
8,475797,5.0
8,1944765,5.0
8,1455730,1.0
8,7284,5.0
8,35036,3.0
8,1251664,2.0
8,109124,4.0
8,259497,5.0
8,2015481,5.0
8,113694,2.0
8,516722,4.0
8,1494162,3.0
8,908662,3.0
8,1121319,5.0
8,2478364,5.0
8,1280053,2.0
8,1098431,3.0
8,117193,4.0
8,1314869,2.0
8,1370323,1.0
8,266172,5.0
8,1665415,4.0
8,1418569,4.0
8,2246410,1.0
8,586128,3.0
8,1500614,1.0
8,625300,4.0
8,206954,4.0
8,2445569,3.0
8,1416817,4.0
8,850652,2.0
8,1583129,5.0
8,1341779,3.0
8,843971,2.0
8,964730,5.0
8,1703879,3.0
8,586854,5.0
8,998169,5.0
8,1913696,5.0
8,930968,1.0
8,1941368,4.0
8,2588107,3.0
8,1232164,4.0
8,1761229,4.0
8,1761694,4.0
8,791026,2.0
8,2333714,4.0
8,555509,3.0
8,2230416,3.0
8,905074,2.0
8,488565,2.0
8,1191566,2.0
8,2178924,5.0
8,1923098,5.0
8,2113480,3.0
8,1605580,2.0
8,1739284,1.0
8,2024389,5.0
8,1433307,2.0
8,521082,1.0
8,598790,4.0
8,2466475,2.0
8,976615,2.0
8,1346081,1.0
8,474539,2.0
8,2086623,3.0
8,1295700,3.0
8,2035777,3.0
8,2628708,1.0
8,1800072,3.0
8,2237185,3.0
8,1713284,3.0
8,2497731,2.0
8,2089742,4.0
8,974823,3.0
8,269088,3.0
8,826049,1.0
8,1763197,1.0
8,131938,4.0
8,755320,4.0
8,184660,2.0
8,1419128,2.0
8,793027,4.0
8,2281685,5.0
8,441200,1.0
8,2254872,3.0
8,1457974,4.0
8,359063,5.0
8,1599213,4.0
8,804656,4.0
8,1606561,5.0
8,1177875,2.0
8,2315135,1.0
8,2024858,5.0
8,2320264,4.0
8,2136742,4.0
8,2587117,5.0
8,2084476,5.0
8,2260612,5.0
8,599880,3.0
8,1606342,3.0
8,2613756,3.0
8,2385173,5.0
8,915726,5.0
8,859826,5.0
8,2108102,1.0
8,1286787,1.0
8,1970006,1.0
8,2094693,2.0
8,1789382,3.0
8,423607,1.0
8,1041529,4.0
8,2184048,4.0
8,343712,1.0
8,2519696,2.0
8,270495,3.0
8,736671,4.0
8,2623446,5.0
8,2361606,4.0
8,1157288,2.0
8,249021,4.0
8,2425581,2.0
8,152228,4.0
8,921080,1.0
8,325496,1.0
8,2439493,1.0
8,2145072,3.0
8,1014989,3.0
8,180670,3.0
8,975488,3.0
8,1096917,5.0
8,2137112,4.0
8,14728,2.0
8,2042154,5.0
8,2210403,1.0
8,2031917,3.0
8,889897,4.0
8,1978837,4.0
8,661731,2.0
8,1022657,4.0
8,530789,5.0
8,1365516,2.0
8,539044,3.0
8,8121,1.0
8,1367949,3.0
8,2128971,1.0
8,1836358,4.0
8,2400569,1.0
8,920912,3.0
8,2532783,4.0
8,1669517,2.0
8,476743,1.0
8,1095395,4.0
8,2267431,2.0
8,1375374,3.0
8,359141,3.0
8,2140883,2.0
8,2638015,1.0
8,1952860,5.0
8,1476006,3.0
8,1698770,3.0
8,2251674,3.0
8,1265488,1.0
8,2478643,4.0
8,2426754,4.0
8,2426587,2.0
8,1132514,3.0
8,2117562,5.0
8,1832023,3.0
8,874065,2.0
8,887741,4.0
8,1060432,1.0
8,1090771,3.0
8,270523,3.0
8,528808,1.0
8,956378,3.0
8,923612,2.0
8,1233831,4.0
8,765640,4.0
8,954289,1.0
8,2227565,3.0
8,1397103,3.0
8,2415589,2.0
8,1404386,2.0
8,1910320,1.0
8,1187678,3.0
8,2358799,1.0
8,1514999,1.0
8,1948046,4.0
8,271419,4.0
8,1806991,4.0
8,1470890,3.0
8,474410,3.0
8,2408422,5.0
8,1116080,5.0
8,1901876,3.0
8,1007577,2.0
8,1207170,2.0
8,475437,3.0
8,2389750,3.0
8,2064078,5.0
8,1046634,5.0
8,2546942,4.0
8,247797,2.0
8,1163832,5.0
8,831494,2.0
8,922459,1.0
8,397392,5.0
8,2411855,4.0
8,2455340,2.0
8,938185,1.0
8,2286536,3.0
8,822859,3.0
8,1200256,4.0
8,1907278,4.0
8,1770466,5.0
8,1954597,3.0
8,317543,5.0
8,184199,4.0
8,1523109,3.0
8,2143486,4.0
8,2584024,1.0
8,970561,2.0
8,1053860,2.0
8,518309,3.0
8,1731825,3.0
8,1125226,2.0
8,245837,4.0
8,1449738,3.0
8,42128,1.0
8,29236,1.0
8,1444819,1.0
8,360737,4.0
8,964175,1.0
8,773045,3.0
8,717555,4.0
8,537912,4.0
8,87328,4.0
8,1117919,4.0
8,1486636,5.0
8,2630254,4.0
8,631945,5.0
8,123384,4.0
8,2128440,3.0
8,521166,1.0
8,768810,2.0
8,751308,4.0
8,364863,4.0
8,1835980,3.0
8,1534723,5.0
8,2091461,5.0
8,2169359,4.0
8,578237,2.0
8,400169,2.0
8,1131009,4.0
8,559622,2.0
8,1692897,4.0
8,345704,2.0
8,345580,5.0
8,591936,2.0
8,2477751,4.0
8,1819758,5.0
8,136854,2.0
8,157631,1.0
8,1869082,1.0
8,552559,5.0
8,2383871,1.0
8,326804,4.0
8,616375,3.0
8,1519636,3.0
8,1473980,2.0
8,61765,2.0
8,515093,4.0
8,767832,1.0
8,1386805,1.0
8,1988095,2.0
8,548695,2.0
8,2577383,2.0
8,118036,3.0
8,1771252,2.0
8,946156,3.0
8,2086035,3.0
8,2537719,2.0
8,550309,5.0
8,929208,4.0
8,592445,5.0
8,2440639,5.0
8,2315211,2.0
8,1656519,1.0
8,1516496,3.0
8,957251,4.0
8,570159,5.0
8,165288,2.0
8,399933,4.0
8,644453,2.0
8,1234095,1.0
8,680554,5.0
8,1054341,4.0
8,1906808,5.0
8,1861186,3.0
8,2395854,4.0
8,834033,4.0
8,1620552,4.0
8,1587216,3.0
8,762318,5.0
8,2606334,2.0
8,38514,5.0
8,2358855,3.0
8,1898310,2.0
8,75384,3.0
8,671612,3.0
8,616242,1.0
8,1880925,3.0
8,147093,5.0
8,568224,5.0
8,1421149,4.0
8,515441,3.0
8,480288,4.0
8,2055615,2.0
8,2096868,2.0
8,1464943,3.0
8,645994,5.0
8,1796943,4.0
8,163205,3.0
8,1980305,3.0
8,188725,5.0
8,1376574,3.0
8,1003084,2.0
8,755976,5.0
8,461990,2.0
8,239569,4.0
8,804122,5.0
8,161223,1.0
8,92910,2.0
8,582405,4.0
8,626772,5.0
8,2186173,1.0
8,149188,1.0
8,1300982,5.0
8,1065000,3.0
8,1449358,4.0
8,1608960,4.0
8,2360874,5.0
8,2468305,4.0
8,480567,3.0
8,127581,4.0
8,2347958,1.0
8,25412,3.0
8,1250817,4.0
8,1493965,3.0
8,2315439,3.0
8,781610,2.0
8,1744594,5.0
8,214699,1.0
8,735103,1.0
8,1023010,3.0
8,1201695,3.0
8,267949,2.0
8,814780,5.0
8,1316775,2.0
8,1566773,4.0
8,2155211,4.0
8,111033,3.0
8,1558352,1.0
8,2087420,5.0
8,78516,3.0
8,927462,2.0
8,1412245,1.0
8,2581605,4.0
8,2365581,3.0
8,1818981,4.0
8,1951741,2.0
8,291503,3.0
8,2344963,1.0
8,1878071,3.0
8,46716,4.0
8,2358975,1.0
8,1709984,1.0
8,2487812,3.0
8,341814,1.0
8,221926,4.0
8,1881328,4.0
8,847232,1.0
8,2483928,1.0
8,1681954,1.0
8,99865,2.0
8,1048594,2.0
8,1500810,4.0
8,1287939,3.0
8,767492,4.0
8,2031645,5.0
8,1358685,4.0
8,653906,1.0
8,818752,2.0
8,2198070,2.0
8,1431160,3.0
8,1469659,3.0
8,1380915,5.0
8,965104,4.0
8,2304924,2.0
8,339547,1.0
8,2279052,4.0
8,2355382,1.0
8,1592339,3.0
8,235562,4.0
8,2020775,3.0
8,894835,5.0
8,782435,3.0
8,2425741,1.0
8,155620,3.0
8,820252,5.0
8,1643995,4.0
8,1060057,3.0
8,1788268,1.0
8,1586613,4.0
8,1212887,5.0
8,745235,4.0
8,2147894,1.0
8,2021088,4.0
8,145941,3.0
8,834612,4.0
8,2170924,3.0
8,918708,2.0
8,1793530,4.0
8,1390954,2.0
8,2303843,1.0
8,36212,4.0
8,1688256,5.0
8,104457,3.0
8,780579,4.0
8,2601606,3.0
8,1070584,5.0
8,2615444,3.0
8,1114349,5.0
8,384710,3.0
8,1703742,3.0
8,277837,1.0
8,861329,5.0
8,2095697,1.0
8,2092470,2.0
8,1378520,3.0
8,1791461,3.0
8,1462537,1.0
8,73989,4.0
8,792808,4.0
8,2338727,4.0
8,178534,5.0
8,240816,5.0
8,596255,1.0
8,2627800,3.0
8,1828803,4.0
8,1936110,4.0
8,1068610,4.0
8,2430483,5.0
8,673918,5.0
8,1262327,3.0
8,330058,1.0
8,2615679,1.0
8,496770,4.0
8,2274538,4.0
8,42147,4.0
8,1250231,3.0
8,1120721,2.0
8,2486584,4.0
8,1757328,1.0
8,1251028,3.0
8,1558023,1.0
8,2160527,1.0
8,2217698,5.0
8,595778,3.0
8,1448369,4.0
8,1267292,2.0
8,2068865,4.0
8,62361,4.0
8,1406633,4.0
8,2208132,1.0
8,1105029,2.0
8,2451907,3.0
8,1794722,2.0
8,2325330,4.0
8,755557,3.0
8,107342,4.0
8,2010666,3.0
8,1615638,4.0
8,1109293,2.0
8,1724345,3.0
8,1974577,4.0
8,1280119,4.0
8,2385239,3.0
8,433636,5.0
8,2487480,3.0
8,446706,1.0
8,1796166,5.0
8,1114552,2.0
8,1290092,3.0
8,879221,3.0
8,2634195,3.0
8,1868998,3.0
8,2613973,5.0
8,1670742,5.0
8,2529835,4.0
8,1939582,3.0
8,2204979,3.0
8,291519,4.0
8,364749,1.0
8,931316,2.0
8,1260894,3.0
8,1520710,1.0
8,1538659,3.0
8,2602667,4.0
8,1369078,1.0
8,1371592,3.0
8,2421394,3.0
8,242209,2.0
8,695423,2.0
8,1277212,3.0
8,1520304,2.0
8,763571,3.0
8,278882,4.0
8,2498797,5.0
8,1660196,4.0
8,1215094,4.0
8,681587,2.0
8,16475,4.0
8,2060604,4.0
8,889036,1.0
8,193953,5.0
8,127676,2.0
8,248982,4.0
8,355742,2.0
8,1614939,3.0
8,1860860,3.0
8,701962,4.0
8,2392084,2.0
8,990851,2.0
8,981808,4.0
8,2590515,3.0
8,753485,4.0
8,1571768,1.0
8,2417151,2.0
8,236160,3.0
8,28643,4.0
8,607063,5.0
8,2195606,4.0
8,761585,4.0
8,1588170,3.0
8,1888574,2.0
8,602861,2.0
8,359681,4.0
8,39809,1.0
8,65860,4.0
8,306564,1.0
8,203738,4.0
8,2405303,1.0
8,2470884,5.0
8,469822,4.0
8,385974,4.0
8,1418598,4.0
8,1437166,2.0
8,646560,4.0
8,151821,2.0
8,2580917,1.0
8,51247,3.0
8,1997148,4.0
8,778430,3.0
8,546161,4.0
8,1932113,3.0
8,408200,4.0
8,1027938,1.0
8,1266847,4.0
8,1184537,1.0
8,1932106,4.0
8,2315073,1.0
8,1932258,4.0
8,1774181,3.0
8,2276627,2.0
8,1250502,4.0
8,1704248,1.0
8,1403738,4.0
8,488083,2.0
8,2376121,3.0
8,2523912,2.0
8,1279012,1.0
8,1047039,3.0
8,630691,3.0
8,2112383,2.0
8,29431,3.0
8,2390188,3.0
8,383451,4.0
8,1479892,2.0
8,2023451,1.0
8,2135554,3.0
8,335030,4.0
8,199435,1.0
8,2316337,4.0
8,18786,5.0
8,1123175,2.0
8,2260480,3.0
8,2274452,4.0
8,2147714,3.0
8,139433,5.0
8,71393,1.0
8,2330864,1.0
8,2645828,1.0
8,710142,3.0
8,2344045,5.0
8,2130443,3.0
8,1341214,4.0
8,1018303,2.0
8,1957972,3.0
8,708226,3.0
8,2252432,1.0
8,1258738,3.0
8,2202057,5.0
8,1028078,4.0
8,1838238,2.0
8,1229545,3.0
8,489363,4.0
8,763840,4.0
8,1829594,2.0
8,2537543,1.0
8,2162729,4.0
8,42416,1.0
8,1086168,5.0
8,1479907,3.0
8,2200675,3.0
8,2637755,1.0
8,273598,2.0
8,1915183,1.0
8,1834839,4.0
8,1218946,2.0
8,82404,2.0
8,1054182,3.0
8,1612996,1.0
8,662832,3.0
8,955719,1.0
8,2610037,3.0
8,622214,4.0
8,655818,5.0
8,2112089,3.0
8,2202365,4.0
8,1053603,2.0
8,2518947,1.0
8,1174779,4.0
8,2564111,3.0
8,2641733,2.0
8,2214898,3.0
8,1214640,3.0
8,1298629,4.0
8,1446944,1.0
8,403620,4.0
8,933259,1.0
8,2070267,2.0
8,2195865,1.0
8,1008517,2.0
8,2055550,4.0
8,2288496,3.0
8,857273,5.0
8,2183290,3.0
8,912285,5.0
8,1192767,3.0
8,1273979,3.0
8,1830000,5.0
8,1244204,4.0
8,417247,2.0
8,598757,1.0
8,2637979,4.0
8,909432,1.0
8,304887,1.0
8,983042,3.0
8,2219225,1.0
8,2056672,5.0
8,1825866,2.0
8,940043,5.0
8,2042162,4.0
8,1025593,1.0
8,763193,1.0
8,322009,3.0
8,727412,3.0
8,309645,4.0
8,1207104,3.0
8,1714672,1.0
8,1761955,5.0
8,2457781,5.0
8,303270,1.0
8,1928175,5.0
8,1054416,2.0
8,1644255,4.0
8,1154641,2.0
8,1927110,2.0
8,1358358,4.0
8,657582,4.0
8,1255070,3.0
8,1397843,1.0
8,1818059,2.0
8,2585513,4.0
8,1709963,4.0
8,1647244,1.0
8,1513841,3.0
8,2119848,3.0
8,2334738,4.0
8,1537599,5.0
8,578676,2.0
8,1521774,4.0
8,1140532,1.0
8,1899613,2.0
8,2229690,2.0
8,2255786,3.0
8,2357567,3.0
8,20634,3.0
8,2120917,4.0
8,903579,4.0
8,2247242,5.0
8,2158514,4.0
8,2428151,3.0
8,2070085,2.0
8,78936,3.0
8,2475608,3.0
8,2041319,5.0
8,691775,4.0
8,1689083,3.0
8,2622948,5.0
8,2632868,1.0
8,762145,2.0
8,2539243,3.0
8,108592,4.0
8,1220079,1.0
8,2528146,2.0
8,224298,2.0
8,1163868,3.0
8,1715337,4.0
8,737556,2.0
8,311875,2.0
8,557143,4.0
8,377937,5.0
8,2494415,2.0
8,2408493,2.0
8,1882379,5.0
8,460419,1.0
8,63025,2.0
8,1274114,3.0
8,2203225,1.0
8,1948594,3.0
8,165377,3.0
8,628567,4.0
8,657095,2.0
8,1446927,2.0
8,1720130,4.0
8,2371791,4.0
8,2104457,4.0
8,1467206,1.0
8,438674,3.0
8,2633543,5.0
8,2609871,1.0
8,2311233,3.0
8,657712,3.0
8,1251306,3.0
8,297453,2.0
8,2418059,1.0
8,1741356,4.0
8,1019056,2.0
8,1711505,4.0
8,1701081,1.0
8,516736,3.0
8,1226991,4.0
8,2442646,4.0
8,2412566,2.0
8,1096854,2.0
8,1457172,1.0
8,1950710,5.0
8,1316241,2.0
8,324887,2.0
8,2311023,4.0
8,1349682,4.0
8,1041749,5.0
8,1982967,3.0
8,593949,1.0
8,553969,3.0
8,1664010,4.0
8,1323861,4.0
8,2612086,4.0
8,1096430,4.0
8,2132051,4.0
8,1958918,1.0
8,436424,4.0
8,534993,5.0
8,123988,5.0
8,1577811,3.0
8,865076,2.0
8,2327743,2.0
8,1832599,2.0
8,2278178,3.0
8,2276333,4.0
8,72036,1.0
8,1409104,3.0
8,2374782,4.0
8,451011,2.0
8,1186815,2.0
8,1959929,1.0
8,134288,5.0
8,1028857,1.0
8,680928,5.0
8,1008754,4.0
8,1258560,1.0
8,2161965,1.0
8,1587431,1.0
8,364247,5.0
8,1642678,2.0
8,1229053,2.0
8,1701654,4.0
8,1621367,2.0
8,507094,5.0
8,2382980,3.0
8,1800701,5.0
8,2488616,5.0
8,1985312,4.0
8,314718,5.0
8,472173,3.0
8,2434805,5.0
8,406841,3.0
8,2283398,3.0
8,572481,1.0
8,2369705,4.0
8,1127519,1.0
8,910244,4.0
8,1818447,3.0
8,1010516,5.0
8,499257,1.0
8,1414169,5.0
8,1207990,2.0
8,1854220,2.0
8,327783,4.0
8,1900823,3.0
8,872126,3.0
8,1918525,5.0
8,2271535,5.0
8,1129621,2.0
8,2247813,2.0
8,858942,4.0
8,406365,1.0
8,753107,1.0
8,1579906,5.0
8,1872933,3.0
8,139994,5.0
8,63452,1.0
8,883159,2.0
8,1788823,1.0
8,862596,1.0
8,541048,1.0
8,247474,3.0
8,1472304,3.0
8,455024,2.0
8,201341,4.0
8,1343679,3.0
8,1995445,5.0
8,2297136,4.0
8,1167175,5.0
8,1056827,3.0
8,1456270,3.0
8,2155916,2.0
8,2047761,1.0
8,216893,5.0
8,2133903,3.0
8,2354125,2.0
8,2174575,2.0
8,552356,3.0
8,1802392,4.0
8,905537,3.0
8,2350917,3.0
8,2429098,4.0
8,654304,4.0
8,2538123,5.0
8,2289721,3.0
8,2157446,3.0
8,1347916,3.0
8,1996307,1.0
8,1262971,5.0
8,2327122,3.0
8,2539109,4.0
8,2093937,5.0
8,449155,2.0
8,1431134,1.0
8,1423668,1.0
8,1824028,2.0
8,1022313,4.0
8,421914,2.0
8,1172516,1.0
8,873713,3.0
8,78885,1.0
8,2102677,3.0
8,1103030,3.0
8,1459727,4.0
8,2645671,5.0
8,935151,4.0
8,330424,3.0
8,1150128,3.0
8,637929,5.0
8,2310027,1.0
8,950524,3.0
8,2061245,1.0
8,1568103,5.0
8,2337634,3.0
8,533771,2.0
8,391893,5.0
8,541135,5.0
8,84462,2.0
8,2264286,1.0
8,1058842,2.0
8,1232740,2.0
8,2262890,1.0
8,918157,1.0
8,860566,1.0
8,2114455,3.0
8,166345,4.0
8,1691656,3.0
8,589847,3.0
8,504063,3.0
8,796157,2.0
8,738747,3.0
8,1439058,2.0
8,1182659,1.0
8,1526063,2.0
8,600620,1.0
8,779811,3.0
8,1765896,3.0
8,1174324,3.0
8,1922494,3.0
8,615750,4.0
8,1553153,3.0
8,565372,4.0
8,210140,4.0
8,2251109,4.0
8,1643921,3.0
8,1774179,2.0
8,429034,3.0
8,2274913,3.0
8,2330618,3.0
8,2229322,3.0
8,1581512,4.0
8,312706,2.0
8,187135,4.0
8,2197278,4.0
8,815635,2.0
8,1885932,5.0
8,2114250,4.0
8,675111,1.0
8,635044,1.0
8,1382328,4.0
8,122197,4.0
8,2536547,3.0
8,844180,5.0
8,972625,2.0
8,2448892,2.0
8,2387369,1.0
8,330038,3.0
8,1513038,4.0
8,2257458,4.0
8,1871161,1.0
8,2645431,1.0
8,1301819,5.0
8,632738,3.0
8,122019,3.0
8,9321,3.0
8,1827714,4.0
8,2324555,4.0
8,1467440,3.0
8,1772215,1.0
8,463102,2.0
8,1414159,5.0
8,1756407,1.0
8,1136132,4.0
8,1510655,3.0
8,1615446,5.0
8,1661216,2.0
8,398468,1.0
8,685613,5.0
8,265043,3.0
8,1194467,4.0
8,1581321,2.0
8,318409,3.0
8,450324,4.0
8,86246,5.0
8,225972,5.0
8,1098765,2.0
8,1766217,4.0
8,2124286,4.0
8,545699,2.0
8,565401,1.0
8,453321,3.0
8,1558912,2.0
8,2468476,4.0
8,972873,4.0
8,235551,3.0
8,895096,2.0
8,2370089,5.0
8,628307,1.0
8,1295665,4.0
8,2625471,3.0
8,188826,3.0
8,2198341,4.0
8,1101357,4.0
8,1534773,4.0
8,1932832,4.0
8,193303,4.0
8,2303590,3.0
8,660434,4.0
8,750677,4.0
8,307975,4.0
8,1202268,4.0
8,7,5.0
8,1596858,5.0
8,2046241,5.0
8,2532654,1.0
8,493408,3.0
8,2248484,5.0
8,1015237,3.0
8,299358,4.0
8,2636989,2.0
8,398616,4.0
8,132277,2.0
8,64612,4.0
8,1935793,1.0
8,1890844,1.0
8,325986,2.0
8,1779118,3.0
8,1851625,3.0
8,2194719,4.0
8,1512836,3.0
8,1822020,1.0
8,1040041,3.0
8,297269,5.0
8,918206,5.0
8,427967,4.0
8,2226615,5.0
8,495388,2.0
8,2316963,3.0
8,923268,3.0
8,2500432,2.0
8,2544118,4.0
8,1627581,1.0
8,608051,3.0
8,377975,3.0
8,1747111,5.0
8,1245143,5.0
8,922551,5.0
8,1567322,1.0
8,2563277,1.0
8,1625485,1.0
8,1750881,2.0
8,1721354,3.0
8,2079636,3.0
8,2170392,3.0
8,1040397,3.0
8,315894,3.0
8,786731,3.0
8,1932640,3.0
8,1655778,1.0
8,166041,1.0
8,952063,1.0
8,1090296,3.0
8,3604,3.0
8,1528530,4.0
8,1229352,1.0
8,1539122,4.0
8,242425,1.0
8,118224,5.0
8,1389725,4.0
8,722591,5.0
8,712943,4.0
8,679042,2.0
8,513479,2.0
8,2406602,3.0
8,1822001,2.0
8,1392742,5.0
8,307891,2.0
8,787275,5.0
8,2398212,5.0
8,255112,4.0
8,2364842,3.0
8,1800377,4.0
8,1530606,4.0
8,53503,5.0
8,1336941,4.0
8,2073799,2.0
8,122987,3.0
8,901325,3.0
8,2586121,4.0
8,1340396,1.0
8,1308722,5.0
8,898642,1.0
8,1508393,3.0
8,1322896,4.0
8,1344086,3.0
8,3321,1.0
8,2003522,5.0
8,728413,3.0
8,2226028,4.0
8,2516265,5.0
8,1848018,2.0
8,1759078,2.0
8,1680398,4.0
8,637928,4.0
8,653682,5.0
8,825819,4.0
8,2269419,4.0
8,361543,5.0
8,2130442,1.0
8,1332228,3.0
8,494486,2.0
8,1154184,4.0
8,1403309,3.0
8,2225743,3.0
8,644339,4.0
8,2483467,3.0
8,1953202,1.0
8,1655662,3.0
8,579959,1.0
8,2356911,5.0
8,2166362,2.0
8,2305082,1.0
8,409192,3.0
8,2518168,5.0
8,1746477,3.0
8,1434295,1.0
8,1630194,3.0
8,1424177,1.0
8,614585,2.0
8,2509303,3.0
8,1490538,5.0
8,995939,5.0
8,2013305,3.0
8,2269029,3.0
8,2115128,4.0
8,1160808,3.0
8,193838,4.0
8,172264,3.0
8,222458,1.0
8,666611,3.0
8,145514,1.0
8,1741126,3.0
8,2209351,5.0
8,1896647,3.0
8,2212422,3.0
8,2534061,3.0
8,2433610,1.0
8,1491118,2.0
8,1971798,2.0
8,1894544,5.0
8,294112,1.0
8,2223968,1.0
8,1315392,1.0
8,700049,5.0
8,811388,1.0
8,1811259,3.0
8,1317671,3.0
8,1041130,3.0
8,119721,4.0
8,826270,4.0
8,901650,3.0
8,1652623,2.0
8,891561,1.0
8,2561151,3.0
8,342510,2.0
8,2296990,5.0
8,2283770,4.0
8,835271,4.0
8,89915,5.0
8,2588947,3.0
8,2360158,1.0
8,1254363,5.0
8,1833221,4.0
8,66540,1.0
8,83874,4.0
8,676758,3.0
8,1718002,2.0
8,1194356,3.0
8,1729432,3.0
8,2130621,3.0
8,2554035,2.0
8,705645,1.0
8,1987201,2.0
8,386947,2.0
8,539602,3.0
8,1374197,5.0
8,1139925,5.0
8,2543978,3.0
8,544180,2.0
8,2367141,4.0
8,2131774,1.0
8,1577401,2.0
8,2333084,3.0
8,295393,4.0
8,574834,4.0
8,2510301,5.0
8,2029743,4.0
8,1667299,4.0
8,1209557,5.0
8,2561009,5.0
8,872341,2.0
8,894055,3.0
8,106870,4.0
8,1520904,1.0
8,2365141,3.0
8,2426928,3.0
8,482113,2.0
8,2606799,1.0
8,1559083,2.0
8,2530808,3.0
8,1801373,5.0
8,529356,3.0
8,1691933,3.0
8,2456207,2.0
8,2444204,3.0
8,343490,1.0
8,2031435,2.0
8,1018212,2.0
8,1046393,4.0
8,367933,3.0
8,2597530,3.0
8,1984315,1.0
8,2151488,4.0
8,1360072,1.0
8,123616,3.0
8,1663227,3.0
8,1273651,5.0
8,773361,5.0
8,2299661,2.0
8,720060,4.0
8,1278864,4.0
8,1482921,3.0
8,1925701,4.0
8,1954061,3.0
8,531117,2.0
8,1961159,3.0
8,1561388,3.0
8,1080447,4.0
8,2022945,2.0
8,1737549,3.0
8,1759820,4.0
8,1591646,4.0
8,168017,1.0
8,622742,4.0
8,759902,4.0
8,1214181,3.0
8,1881277,3.0
8,2432717,4.0
8,696970,3.0
8,896636,3.0
8,2447368,3.0
8,1925306,4.0
8,2082132,5.0
8,1840584,3.0
8,85824,1.0
8,2176304,3.0
8,1882384,4.0
8,1452773,5.0
8,2127108,3.0
8,1198828,3.0
8,129179,2.0
8,1836392,4.0
8,1595644,3.0
8,716173,3.0
8,2490348,3.0
8,1335559,5.0
8,768710,1.0
8,635070,3.0
8,1211706,4.0
8,759737,2.0
8,1407227,2.0
8,47891,5.0
8,589499,3.0
8,1299887,3.0
8,2117797,4.0
8,1892654,5.0
8,1349711,3.0
8,379935,1.0
8,743076,4.0
8,311286,3.0
8,138106,3.0
8,1772954,2.0
8,1054661,4.0
8,993566,1.0
8,1700006,4.0
8,2204299,5.0
8,850586,3.0
8,316006,3.0
8,314618,4.0
8,1071141,1.0
8,1086213,5.0
8,416435,2.0
8,682963,3.0
8,2531111,1.0
8,2619313,5.0
8,504620,1.0
8,437921,1.0
8,423952,2.0
8,689091,2.0
8,1937311,4.0
8,1385728,4.0
8,32141,5.0
8,2368266,5.0
8,934993,1.0
8,1582952,5.0
8,1714066,3.0
8,876370,2.0
8,47269,4.0
8,2336549,2.0
8,1753194,3.0
8,1371451,5.0
8,2418086,5.0
8,1802986,3.0
8,427120,5.0
8,836701,3.0
8,1587543,3.0
8,1539282,4.0
8,1258385,4.0
8,894205,3.0
8,403247,2.0
8,719598,3.0
8,1314409,2.0
8,1397082,4.0
8,1590157,1.0
8,548034,4.0
8,568603,2.0
8,416375,2.0
8,934835,1.0
8,1290148,4.0
8,738379,3.0
8,273541,1.0
8,1082332,3.0
8,729150,5.0
8,929499,3.0
8,1091467,5.0
8,308307,1.0
8,2466682,5.0
8,1545441,2.0
8,1650704,3.0
8,383108,2.0
8,1018113,3.0
8,2128808,3.0
8,52153,3.0
8,1818865,3.0
8,1654132,3.0
8,1097099,3.0
8,1222333,2.0
8,5652,3.0
8,1355003,1.0
8,382773,4.0
8,1036908,4.0
8,1194439,4.0
8,1494683,4.0
8,2472855,4.0
8,2487896,2.0
8,2482428,4.0
8,379952,1.0
8,2111693,1.0
8,910594,2.0
8,890573,3.0
8,1587792,2.0
8,77708,2.0
8,1821155,1.0
8,1713085,2.0
8,2546451,3.0
8,85960,3.0
8,1476054,4.0
8,830745,1.0
8,823067,5.0
8,692018,5.0
8,2162531,3.0
8,699566,3.0
8,2591003,4.0
8,2583897,1.0
8,120801,3.0
8,538735,3.0
8,2023215,3.0
8,1497891,4.0
8,2232041,4.0
8,254789,3.0
8,1323236,3.0
8,969304,4.0
8,663880,1.0
8,1896062,2.0
8,1009033,1.0
8,827526,3.0
8,1549959,2.0
8,1457728,4.0
8,266023,4.0
8,2509631,4.0
8,487796,3.0
8,1121521,3.0
8,2526805,2.0
8,1278961,2.0
8,198000,5.0
8,305344,1.0
8,341108,4.0
8,357056,4.0
8,80548,4.0
8,566978,2.0
8,784007,5.0
8,1293108,4.0
8,255096,4.0
8,720145,2.0
8,1719118,3.0
8,1314399,5.0
8,304581,3.0
8,1840146,4.0
8,1921443,4.0
8,2342016,3.0
8,695562,1.0
8,2360906,2.0
8,1449683,4.0
8,2238894,4.0
8,1279667,4.0
8,730007,4.0
8,1986551,5.0
8,896306,2.0
8,2204091,4.0
8,1377297,4.0
8,2561682,1.0
8,808873,4.0
8,1220774,3.0
8,567198,4.0
8,1852581,3.0
8,1956276,1.0
8,1502648,3.0
8,633156,5.0
8,2145206,2.0
8,806214,5.0
8,434585,2.0
8,1911127,3.0
8,844028,3.0
8,2043854,5.0
8,2056875,4.0
8,2113737,2.0
8,849369,5.0
8,1933952,1.0
8,1830031,5.0
8,2115337,5.0
8,647792,3.0
8,2337729,4.0
8,196113,4.0
8,384245,3.0
8,1403217,5.0
8,487471,2.0
8,1419750,3.0
8,1383426,2.0
8,1978244,2.0
8,973870,3.0
8,1593551,3.0
8,2556455,3.0
8,1267355,5.0
8,2140917,1.0
8,949240,2.0
8,251059,3.0
8,1215460,3.0
8,879664,3.0
8,2278766,1.0
8,1528606,3.0
8,2564120,5.0
8,1434880,5.0
8,2306038,2.0
8,2528762,4.0
8,1886585,3.0
8,2162855,3.0
8,169854,1.0
8,743813,2.0
8,406992,2.0
8,1937592,5.0
8,1931100,4.0
8,1037182,5.0
8,880271,4.0
8,458177,4.0
8,1927136,2.0
8,1799922,4.0
8,2199837,3.0
8,1763740,3.0
8,1732015,2.0
8,1859109,4.0
8,325376,3.0
8,1224064,1.0
8,1438606,3.0
8,1766112,5.0
8,1390621,2.0
8,1539757,2.0
8,256278,1.0
8,2329139,4.0
8,1649068,4.0
8,1395781,1.0
8,798509,5.0
8,401315,4.0
8,1861500,2.0
8,2340119,2.0
8,1039536,1.0
8,1409417,4.0
8,185110,1.0
8,2059696,2.0
8,1165740,2.0
8,341418,4.0
8,890675,2.0
8,2078160,4.0
8,1876175,4.0
8,1400154,4.0
8,2555761,5.0
8,575757,1.0
8,424144,5.0
8,774602,4.0
8,2082272,4.0
8,13197,3.0
8,1391647,3.0
8,477297,4.0
8,2297673,5.0
8,2260540,2.0
8,1430656,5.0
8,35111,5.0
8,16479,1.0
8,1438459,4.0
8,921286,4.0
8,2491110,2.0
8,1600254,2.0
8,332471,3.0
8,2455789,4.0
8,603092,4.0
8,351002,3.0
8,1296636,4.0
8,1702903,4.0
8,330221,4.0
8,510535,3.0
8,1624150,2.0
8,2090715,2.0
8,550573,2.0
8,2391200,1.0
8,1812156,3.0
8,1894534,4.0
8,1518179,3.0
8,2191675,3.0
8,2079894,5.0
8,2229846,4.0
8,2548362,1.0
8,2150746,2.0
8,993438,2.0
8,1020688,3.0
8,572037,2.0
8,553908,3.0
8,1878057,3.0
8,536414,3.0
8,373433,4.0
8,780768,3.0
8,2629660,3.0
8,1742222,4.0
8,450716,3.0
8,258046,5.0
8,139147,3.0
8,1857822,4.0
8,2110213,5.0
8,1928776,3.0
8,1415024,3.0
8,1568024,3.0
8,1089800,4.0
8,2420298,4.0
8,282618,4.0
8,494440,4.0
8,343719,4.0
8,1507886,2.0
8,1026814,3.0
8,1256465,4.0
8,1489463,1.0
8,780391,5.0
8,1775922,4.0
8,1143036,2.0
8,1382872,4.0
8,1941095,2.0
8,571263,4.0
8,847774,1.0
8,5980,3.0
8,1426049,1.0
8,715528,2.0
8,1083496,5.0
8,1291667,5.0
8,2060998,3.0
8,1444287,5.0
8,640323,4.0
8,1087451,3.0
8,2359778,1.0
8,139852,4.0
8,311548,2.0
8,2290591,3.0
8,1595693,1.0
8,1939956,2.0
8,1014132,3.0
8,49142,4.0
8,2634761,3.0
8,428558,2.0
8,1539119,3.0
8,97157,3.0
8,2057375,1.0
8,2253275,5.0
8,2058125,3.0
8,2141412,4.0
8,907650,3.0
8,1648347,3.0
8,2509533,4.0
8,2417320,3.0
8,459145,3.0
8,2356278,3.0
8,2319365,5.0
8,1632934,2.0
8,2239213,2.0
8,1196870,2.0
8,2182050,5.0
8,466984,5.0
8,544833,4.0
8,2029744,2.0
8,1214691,3.0
8,1731121,3.0
8,1167962,2.0
8,2543090,4.0
8,205542,3.0
8,1897819,3.0
8,1407388,1.0
8,2605004,4.0
8,1510943,3.0
8,127501,2.0
8,1858243,2.0
8,1562707,5.0
8,858298,3.0
8,1279045,4.0
8,2015780,1.0
8,454959,5.0
8,1239467,3.0
8,2332894,5.0
8,1571424,5.0
8,2260008,3.0
8,635758,3.0
8,608501,3.0
8,2632019,3.0
8,1479380,4.0
8,1167568,3.0
8,543572,5.0
8,1283171,3.0
8,1406277,4.0
8,660871,5.0
8,2315130,5.0
8,2016855,4.0
8,972399,1.0
8,289853,5.0
8,1902510,1.0
8,2448660,5.0
8,2598300,4.0
8,1656649,1.0
8,2011242,5.0
8,1962325,5.0
8,1741290,5.0
8,1903337,5.0
8,358297,4.0
8,1413148,1.0
8,940514,3.0
8,467885,4.0
8,276869,3.0
8,340849,3.0
8,1704311,2.0
8,795510,1.0
8,951697,5.0
8,976534,3.0
8,517454,1.0
8,297100,3.0
8,1889646,2.0
8,1570397,2.0
8,1160577,5.0
8,1886235,4.0
8,823101,5.0
8,1899788,4.0
8,2087615,4.0
8,1294335,2.0
8,1934002,3.0
8,825002,4.0
8,133993,4.0
8,990918,3.0
8,384941,2.0
8,370222,5.0
8,1280843,5.0
8,2611773,5.0
8,2110669,1.0
8,1089692,4.0
8,1769766,3.0
8,1586067,1.0
8,153237,2.0
8,2054225,1.0
8,1054433,1.0
8,1783225,5.0
8,2350141,3.0
8,667526,2.0
8,317407,3.0
8,2498939,3.0
8,2191367,4.0
8,2546654,5.0
8,259275,1.0
8,938764,5.0
8,689836,1.0
8,1223456,5.0
8,424505,5.0
8,627002,4.0
8,1255676,3.0
8,1015868,1.0
8,671338,3.0
8,333455,3.0
8,577616,4.0
8,1590926,2.0
8,411792,2.0
8,1974726,5.0
8,128040,1.0
8,1075444,2.0
8,1538418,5.0
8,1370144,5.0
8,453217,1.0
8,2218735,3.0
8,1144408,2.0
8,1807097,2.0
8,1638987,2.0
8,1560395,4.0
8,2325667,3.0
8,6460,5.0
8,1334284,4.0
8,668939,4.0
8,1985225,1.0
8,2381076,3.0
8,703416,3.0
8,2287896,3.0
8,280930,3.0
8,742589,4.0
8,168902,1.0
8,593173,5.0
8,1622963,2.0
8,769719,3.0
8,1469447,3.0
8,1607785,3.0
8,2485642,3.0
8,2530297,3.0
8,1556715,3.0
8,606497,1.0
8,219957,5.0
8,826696,3.0
8,897762,4.0
8,2068936,3.0
8,1318530,3.0
8,1209453,5.0
8,188190,3.0
8,2111857,4.0
8,913927,3.0
8,1654854,4.0
8,1920565,2.0
8,2304849,4.0
8,885386,3.0
8,2153439,5.0
8,1130999,4.0
8,1060623,2.0
8,2238110,4.0
8,1152249,4.0
8,2431536,5.0
8,1898932,3.0
8,397001,1.0
8,735850,2.0
8,1347915,5.0
8,1242697,3.0
8,2029766,2.0
8,1853285,4.0
8,1130956,2.0
8,867419,1.0
8,934163,1.0
8,2311775,4.0
8,2056022,3.0
8,79380,1.0
8,794765,3.0
8,24705,4.0
8,121182,2.0
8,123356,3.0
8,2512986,1.0
8,2242346,5.0
8,1262329,2.0
8,2595820,3.0
8,1124753,1.0
8,1043309,4.0
8,2163939,5.0
8,2305305,4.0
8,2487901,2.0
8,2503600,3.0
8,2014644,3.0
8,1796167,3.0
8,2341509,2.0
8,473748,3.0
8,1280761,1.0
8,1379553,5.0
8,288727,4.0
8,2163591,3.0
8,878148,3.0
8,125903,2.0
8,382393,2.0
8,2607433,5.0
8,307427,3.0
8,773626,3.0
8,1082163,2.0
8,1642992,2.0
8,2525782,1.0
8,1315963,3.0
8,1312412,5.0
8,956271,4.0
8,1513103,5.0
8,2205547,3.0
8,2047318,5.0
8,1605513,2.0
8,1476304,2.0
8,1550359,4.0
8,487923,1.0
8,791692,5.0
8,1294842,4.0
8,1140036,2.0
8,2427575,1.0
8,2441630,3.0
8,1536728,4.0
8,968906,2.0
8,982331,3.0
8,1954337,5.0
8,1436054,2.0
8,863081,4.0
8,1818895,5.0
8,1107217,4.0
8,1320587,1.0
8,1800808,4.0
8,1439882,1.0
8,1665685,4.0
8,571460,4.0
8,2638601,1.0
8,2541550,3.0
8,758383,2.0
8,15420,3.0
8,1189286,5.0
8,1044050,2.0
8,320226,1.0
8,2371038,4.0
8,2420384,2.0
8,268719,3.0
8,1625122,1.0
8,1115451,4.0
8,115183,2.0
8,824655,3.0
8,1847237,2.0
8,2404243,1.0
8,2530642,1.0
8,1860150,3.0
8,150038,4.0
8,479481,4.0
8,735859,1.0
8,909399,4.0
8,1875549,2.0
8,1354717,5.0
8,1899708,1.0
8,2483306,4.0
8,1830265,2.0
8,1964767,3.0
8,1266990,3.0
8,2190625,2.0
8,1119442,2.0
8,2059023,2.0
8,2276659,2.0
8,22718,5.0
8,2370571,5.0
8,2088282,3.0
8,2284783,4.0
8,1943826,4.0
8,299380,3.0
8,1649775,3.0
8,1516350,3.0
8,2097548,2.0
8,340035,1.0
8,281097,2.0
8,1514717,3.0
8,758133,1.0
8,698147,1.0
8,2192840,2.0
8,69528,3.0
8,678987,2.0
8,1939137,3.0
8,77225,4.0
8,934230,4.0
8,1849234,3.0
8,2177227,4.0
8,2135692,3.0
8,1708554,1.0
8,224252,4.0
8,1625869,2.0
8,1864509,3.0
8,746375,4.0
8,2147472,4.0
8,795592,4.0
8,2153221,3.0
8,1936844,2.0
8,617535,4.0
8,2061394,2.0
8,1549491,5.0
8,2481859,3.0
8,489220,2.0
8,1169361,4.0
8,812413,5.0
8,1753963,2.0
8,1689922,4.0
8,2251835,3.0
8,1539389,2.0
8,2512427,2.0
8,41422,4.0
8,2264677,1.0
8,836711,3.0
8,2101713,5.0
8,1270431,5.0
8,60538,4.0
8,1798943,5.0
8,2146579,4.0
8,2118461,3.0
8,888747,2.0
8,1398222,3.0
8,415441,1.0
8,394409,3.0
8,2408655,5.0
8,522180,2.0
8,1834137,1.0
8,2386868,2.0
8,2331293,3.0
8,715968,4.0
8,1625448,2.0
8,112215,4.0
8,1537969,5.0
8,2111370,3.0
8,1159926,3.0
8,2476907,2.0
8,2593295,4.0
8,1182899,3.0
8,2632990,2.0
8,2517361,2.0
8,1973032,3.0
8,993424,3.0
8,2439209,5.0
8,1116110,3.0
8,1878548,5.0
8,98428,5.0
8,1923886,1.0
8,1344394,4.0
8,230967,4.0
8,1359758,4.0
8,1383836,4.0
8,2492994,2.0
8,1607539,4.0
8,468584,4.0
8,2457946,5.0
8,1602857,2.0
8,387418,1.0
8,1116012,4.0
8,2086999,2.0
8,448712,4.0
8,2200718,3.0
8,1823920,1.0
8,2205307,3.0
8,423167,4.0
8,1981970,5.0
8,2477493,3.0
8,2583580,4.0
8,204235,3.0
8,1326307,4.0
8,2007166,4.0
8,2603678,2.0
8,415253,5.0
8,1069273,5.0
8,1988633,1.0
8,2140471,4.0
8,2303393,1.0
8,2571885,1.0
8,2289469,4.0
8,2296189,1.0
8,1802059,1.0
8,1114324,4.0
8,1043135,2.0
8,1002688,2.0
8,683669,2.0
8,215911,3.0
8,352571,5.0
8,1010609,3.0
8,1675676,5.0
8,1860246,2.0
8,2016801,3.0
8,2439391,2.0
8,930061,3.0
8,752867,4.0
8,1384422,2.0
8,1029163,2.0
8,429260,1.0
8,751141,3.0
8,258627,4.0
8,1908728,4.0
8,332558,2.0
8,1289712,2.0
8,762651,1.0
8,1075509,5.0
8,1451817,3.0
8,1222399,2.0
8,2048294,3.0
8,1394217,3.0
8,957896,4.0
8,335348,5.0
8,1867671,2.0
8,1698887,3.0
8,2082270,1.0
8,280112,1.0
8,617493,3.0
8,334185,2.0
8,2402139,4.0
8,2594516,4.0
8,1166342,4.0
8,1134871,1.0
8,657364,3.0
8,1425656,1.0
8,2296573,3.0
8,917571,3.0
8,2115299,1.0
8,1089664,1.0
8,859033,1.0
8,1194594,5.0
8,174333,3.0
8,893014,5.0
8,155850,5.0
8,1898263,2.0
8,1150705,5.0
8,1334279,1.0
8,1163151,4.0
8,1078397,4.0
8,366565,3.0
8,962837,4.0
8,933096,5.0
8,660061,2.0
8,2230222,3.0
8,794999,5.0
8,2130888,3.0
8,2518672,4.0
8,1130233,1.0
8,1632041,5.0
8,1073300,1.0
8,2490948,1.0
8,252761,2.0
8,2330704,1.0
8,1193533,2.0
8,823372,2.0
8,2310672,4.0
8,538775,4.0
8,1150777,3.0
8,2559719,4.0
8,2218289,1.0
8,776187,2.0
8,1645904,3.0
8,2463585,3.0
8,2490507,5.0
8,405572,1.0
8,1805874,3.0
8,696131,4.0
8,2572516,3.0
8,1339269,2.0
8,2375280,3.0
8,1778710,1.0
8,221639,5.0
8,444566,3.0
8,661149,4.0
8,1357894,3.0
8,274650,5.0
8,2447465,5.0
8,235077,1.0
8,553078,5.0
8,824157,5.0
8,1119267,5.0
8,198813,4.0
8,2096620,2.0
8,1663694,1.0
8,1738284,4.0
8,620714,3.0
8,1702473,3.0
8,1663888,3.0
8,2383798,4.0
8,2556603,2.0
8,404751,5.0
8,609895,2.0
8,1127006,2.0
8,2629195,2.0
8,996719,2.0
8,394195,3.0
8,1508279,2.0
8,1557598,5.0
8,2147262,4.0
8,1913241,3.0
8,2555055,5.0
8,1001928,4.0
8,1282507,3.0
8,1782687,5.0
8,1797692,5.0
8,531010,4.0
8,2400754,1.0
8,1461435,1.0
8,1351373,4.0
8,1604525,3.0
8,1488400,4.0
8,1502513,4.0
8,2014748,3.0
8,521315,1.0
8,2122667,2.0
8,2124351,4.0
8,575714,3.0
8,712683,4.0
8,924352,2.0
8,1249735,3.0
8,1553406,3.0
8,1707646,4.0
8,560599,3.0
8,1734644,5.0
8,575464,3.0
8,2298323,1.0
8,2593347,3.0
8,541796,1.0
8,1596876,2.0
8,1877958,2.0
8,1048069,3.0
8,675407,1.0
8,1995910,3.0
8,1782115,4.0
8,2047577,2.0
8,956739,1.0
8,994978,3.0
8,1395662,5.0
8,1099833,2.0
8,2222874,3.0
8,1334775,1.0
8,1331553,3.0
8,1170831,5.0
8,168630,1.0
8,1399249,3.0
8,1533530,1.0
8,2406705,1.0
8,2489039,2.0
8,657550,5.0
8,469152,2.0
8,2618537,5.0
8,820774,1.0
8,324754,4.0
8,893701,3.0
8,2548453,5.0
8,2394623,1.0
8,1084999,5.0
8,2279326,2.0
8,2207806,5.0
8,1563727,1.0
8,961389,2.0
8,2492458,3.0
8,2054186,4.0
8,306311,5.0
8,1746966,4.0
8,21953,2.0
8,2224734,2.0
8,2492108,3.0
8,2148958,3.0
8,1281882,3.0
8,1249490,4.0
8,599407,3.0
8,2568994,3.0
8,1138747,2.0
8,856273,4.0
8,831475,3.0
8,298303,4.0
8,2055388,2.0
8,1899679,4.0
8,384489,3.0
8,1823065,2.0
8,790348,2.0
8,872591,3.0
8,2462855,5.0
8,1631730,5.0
8,2637760,2.0
8,371701,2.0
8,1257970,1.0
8,1219679,2.0
8,2408399,2.0
8,1668157,4.0
8,1592822,5.0
8,256676,3.0
8,781021,4.0
8,2385226,4.0
8,565161,5.0
8,2413196,4.0
8,513933,3.0
8,239137,1.0
8,269850,1.0
8,53364,3.0
8,1773462,3.0
8,2433978,2.0
8,873862,2.0
8,2117911,3.0
8,1885210,2.0
8,1573062,3.0
8,39450,2.0
8,2298148,4.0
8,423361,2.0
8,1740741,2.0
8,1344791,3.0
8,1167767,4.0
8,1872071,1.0
8,490372,2.0
8,2000906,3.0
8,493287,2.0
8,1930717,5.0
8,720852,4.0
8,811530,2.0
8,352455,4.0
8,1033930,3.0
8,220155,3.0
8,1556206,3.0
8,2460347,1.0
8,903666,3.0
8,1420709,5.0
8,1351898,3.0
8,1339428,1.0
8,1652073,5.0
8,2086904,2.0
8,187288,3.0
8,1460343,4.0
8,1297529,4.0
8,2259064,4.0
8,1523544,4.0
8,2299436,5.0
8,40450,5.0
8,1826290,2.0
8,2222077,5.0
8,3363,2.0
8,1629289,1.0
8,165856,5.0
8,2241291,2.0
8,455745,3.0
8,831222,3.0
8,2146779,3.0
8,964322,3.0
8,2388497,3.0
8,2621962,3.0
8,219481,2.0
8,1489900,5.0
8,1137159,5.0
8,400076,1.0
8,4706,5.0
8,2491063,4.0
8,1973314,5.0
8,683254,5.0
8,1653052,5.0
8,1264314,3.0
8,2526741,2.0
8,88568,3.0
8,1687095,4.0
8,870885,4.0
8,2480035,3.0
8,2049734,4.0
8,1195600,2.0
8,2585665,3.0
8,2158545,1.0
8,164136,3.0
8,1852040,2.0
8,2201566,5.0
8,515952,2.0
8,1112365,1.0
8,2529138,5.0
8,1990271,1.0
8,359345,5.0
8,512278,4.0
8,863285,3.0
8,1721447,4.0
8,1201294,4.0
8,1719477,3.0
8,955278,2.0
8,1293893,4.0
8,724165,1.0
8,743660,1.0
8,1460183,4.0
8,359074,3.0
8,2545922,2.0
8,13856,4.0
8,90554,1.0
8,1995265,3.0
8,1498054,4.0
8,263643,4.0
8,2127829,5.0
8,1340811,1.0
8,235302,5.0
8,1549632,3.0
8,532583,3.0
8,316155,1.0
8,940538,4.0
8,2615035,3.0
8,2246923,2.0
8,1811676,2.0
8,508652,3.0
8,1833140,4.0
8,775020,4.0
8,2019773,4.0
8,2113542,2.0
8,2226346,5.0
8,1617280,1.0
8,1719966,5.0
8,486152,3.0
8,1769615,5.0
8,1152692,3.0
8,1472772,4.0
8,391521,3.0
8,2320697,2.0
8,1051757,5.0
8,1626829,4.0
8,757333,2.0
8,742086,3.0
8,2379827,1.0
8,2054908,4.0
8,1766660,5.0
8,461344,5.0
8,451837,3.0
8,760924,3.0
8,755549,3.0
8,1446497,2.0
8,702103,3.0
8,111824,1.0
8,2617354,4.0
8,1001004,3.0
8,330526,3.0
8,443447,1.0
8,1464103,5.0
8,1053310,3.0
8,1251806,2.0
8,892029,5.0
8,888801,2.0
8,2297654,2.0
8,1360936,3.0
8,1839928,3.0
8,1065402,2.0
8,291097,1.0
8,1533807,2.0
8,237263,1.0
8,654591,3.0
8,2365226,3.0
8,722287,5.0
8,1608147,3.0
8,103738,2.0
8,2513690,3.0
8,2465313,4.0
8,670196,4.0
8,737905,1.0
8,2419258,4.0
8,185372,3.0
8,2207031,3.0
8,1574599,1.0
8,2090242,4.0
8,2413376,3.0
8,2220847,5.0
8,356103,3.0
8,2533753,1.0
8,339867,4.0
8,1273549,4.0
8,2203675,2.0
8,1088839,2.0
8,2358416,2.0
8,1933317,2.0
8,807890,3.0
8,759944,3.0
8,2431231,4.0
8,609280,5.0
8,1739532,2.0
8,539743,2.0
8,119790,2.0
8,1217751,5.0
8,2638818,4.0
8,253704,5.0
8,1377158,1.0
8,1274035,1.0
8,1545312,2.0
8,1118220,4.0
8,441723,2.0
8,309424,3.0
8,320177,4.0
8,1533313,3.0
8,20461,2.0
8,1772658,5.0
8,2534701,3.0
8,2560599,3.0
8,2237988,3.0
8,776383,4.0
8,1213178,4.0
8,2492695,5.0
8,900899,5.0
8,792379,2.0
8,2359407,3.0
8,1382479,4.0
8,2073629,3.0
8,1053731,2.0
8,439489,1.0
8,2577726,4.0
8,1922916,3.0
8,2079404,1.0
8,449391,3.0
8,1840535,5.0
8,446078,5.0
8,2082805,4.0
8,1331645,5.0
8,442222,3.0
8,2118159,2.0
8,823628,4.0
8,1494205,3.0
8,1434507,5.0
8,444860,3.0
28,1392773,4.0
28,1990901,5.0
28,765331,3.0
28,1987434,4.0
28,2193455,4.0
28,1468812,4.0
28,41412,4.0
28,2400678,4.0
28,160977,4.0
28,998229,4.0
28,30878,3.0
28,577397,5.0
28,2615678,5.0
28,1276913,5.0
28,1663216,4.0
28,2196868,5.0
28,1744889,1.0
28,2569320,3.0
28,1174530,4.0
28,1644750,3.0
28,1753259,3.0
28,339448,4.0
28,1778851,5.0
28,1008399,4.0
28,542786,4.0
28,2639583,3.0
28,2433426,4.0
28,948367,5.0
28,488477,3.0
28,1765193,4.0
28,308495,5.0
28,305151,4.0
28,780936,4.0
28,557167,4.0
28,1296163,3.0
28,951709,5.0
28,1294425,4.0
28,2581970,5.0
28,889439,5.0
28,1056998,3.0
28,1227848,5.0
28,2241806,4.0
28,923325,4.0
28,2503691,4.0
28,698478,4.0
28,1640419,3.0
28,2503129,4.0
28,1943087,4.0
28,1048199,4.0
28,2263006,4.0
28,1421919,3.0
28,759018,4.0
28,1780909,3.0
28,1022388,3.0
28,1543292,2.0
28,1373140,4.0
28,247794,4.0
28,847027,3.0
28,649770,4.0
28,180151,4.0
28,2220742,3.0
28,70976,3.0
28,906893,3.0
28,2218269,5.0
28,931626,3.0
28,1086736,3.0
28,1174811,4.0
28,436529,4.0
28,741479,2.0
28,2325737,4.0
28,1120091,4.0
28,461110,4.0
28,2155333,4.0
28,497196,3.0
28,135348,4.0
28,2031699,3.0
28,838130,5.0
28,2206364,4.0
28,2158667,2.0
28,705603,5.0
28,2516053,5.0
28,1033971,4.0
28,837413,4.0
28,622194,5.0
28,2468443,3.0
28,2315451,3.0
28,858362,4.0
28,781833,4.0
28,408856,3.0
28,2209044,4.0
28,441324,5.0
28,2571254,2.0
28,305197,4.0
28,1323338,3.0
28,1567095,3.0
28,723011,4.0
28,1494552,5.0
28,819870,5.0
28,2198355,4.0
28,513841,4.0
28,2586623,4.0
28,401290,5.0
28,2061241,3.0
28,2636158,4.0
28,1646405,4.0
28,914508,3.0
28,2609870,4.0
28,116582,4.0
28,885635,5.0
28,476805,3.0
28,855860,5.0
28,2081171,3.0
28,2534672,3.0
28,567279,4.0
28,214166,4.0
28,184311,5.0
28,2535052,3.0
28,2114550,3.0
28,1539341,3.0
28,1129423,4.0
28,1501288,4.0
28,15191,4.0
28,2418634,3.0
28,860599,4.0
28,1376696,5.0
28,1593530,5.0
28,704862,3.0
28,1219206,3.0
28,643182,5.0
28,92056,4.0
28,2231930,3.0
28,218097,4.0
28,2161899,2.0
28,1574266,3.0
28,827380,3.0
28,2625420,2.0
28,2127722,5.0
28,754267,2.0
28,2204961,4.0
28,1826612,4.0
28,1112372,4.0
28,1606064,2.0
28,2542255,3.0
28,331157,5.0
28,2482518,3.0
28,1906868,4.0
28,984874,4.0
28,209200,5.0
28,141839,2.0
28,285547,3.0
28,1248029,2.0
28,255357,3.0
28,1197032,4.0
28,2340465,4.0
28,326810,3.0
28,346189,3.0
28,2587481,5.0
28,652121,4.0
28,91007,3.0
28,2138987,2.0
28,844049,3.0
28,2503887,5.0
28,2197373,5.0
28,851262,4.0
28,2343417,4.0
28,2105990,4.0
28,1840783,5.0
28,816639,2.0
28,1977128,4.0
28,908205,4.0
28,1348118,4.0
28,1875019,3.0
28,1204327,2.0
28,2567172,4.0
28,499956,3.0
28,680576,5.0
28,740716,4.0
28,2084362,4.0
28,482692,4.0
28,12876,5.0
28,1917657,4.0
28,380963,4.0
28,331341,4.0
28,2239227,4.0
28,1216387,4.0
28,1981733,3.0
28,2023962,2.0
28,2330735,3.0
28,1177203,3.0
28,1812682,3.0
28,2260788,4.0
28,619705,5.0
28,2064672,4.0
28,2151618,5.0
28,2133463,3.0
28,2554555,5.0
28,83540,5.0
28,1620735,3.0
28,2030564,3.0
28,1854947,3.0
28,1794366,3.0
28,1626539,3.0
28,957447,4.0
28,1564243,5.0
28,2403601,3.0
28,307505,5.0
28,1276473,4.0
28,528423,5.0
28,687379,3.0
28,1291272,4.0
28,2551641,4.0
28,2096652,5.0
28,1424281,5.0
28,1863499,3.0
28,71148,3.0
28,1928412,4.0
28,772278,5.0
28,1025642,3.0
28,2256674,4.0
28,928691,3.0
28,1393236,5.0
28,936290,5.0
28,900357,3.0
28,353820,5.0
28,2174771,5.0
28,1567051,3.0
28,2516004,4.0
28,2504147,2.0
28,1148490,5.0
28,1951605,2.0
28,1363333,5.0
28,1654137,4.0
28,252207,4.0
28,2619959,3.0
28,1861514,3.0
28,13620,5.0
28,2598622,4.0
28,1310250,3.0
28,1546535,3.0
28,361407,3.0
28,858700,2.0
28,915844,4.0
28,2645579,4.0
28,2012897,5.0
28,2431350,3.0
28,2459804,4.0
28,2036662,2.0
28,827096,5.0
28,1429041,3.0
28,1712417,5.0
28,2439795,3.0
28,462231,4.0
28,452192,4.0
28,665030,4.0
28,61863,3.0
28,298900,3.0
28,1603214,5.0
28,318920,4.0
28,459486,3.0
28,1254903,3.0
28,1286051,4.0
28,2025375,2.0
28,2331306,2.0
28,381326,3.0
28,2053064,3.0
28,2257979,5.0
28,489962,4.0
28,50259,1.0
28,1454357,3.0
28,2611449,4.0
28,273630,3.0
28,2640626,4.0
28,958382,3.0
28,2152097,5.0
28,1910767,5.0
28,1140048,5.0
28,360830,3.0
28,164532,4.0
28,942215,5.0
28,535268,4.0
28,797384,4.0
28,967937,5.0
28,1984086,5.0
28,1158424,2.0
28,2628763,4.0
28,2048785,3.0
28,918897,5.0
28,845136,3.0
28,1481142,5.0
28,1832225,3.0
28,2584690,4.0
28,231489,5.0
28,425166,3.0
28,1512054,4.0
28,122188,3.0
28,2360767,5.0
28,2424911,5.0
28,935820,4.0
28,914059,3.0
28,2438169,4.0
28,2285713,5.0
28,2563204,3.0
28,538483,5.0
28,2192892,4.0
28,1910699,5.0
28,1992922,4.0
28,2235414,3.0
28,575786,1.0
28,250927,4.0
28,241801,4.0
28,2091892,3.0
28,2643082,3.0
28,319119,4.0
28,931327,4.0
28,638998,3.0
28,2533515,5.0
28,1333,2.0
28,2059716,3.0
28,1998055,2.0
28,1456522,3.0
28,2530840,2.0
28,1711859,4.0
28,1007809,5.0
28,2541531,3.0
28,806013,4.0
28,754349,4.0
28,1857979,4.0
28,1886379,4.0
28,52540,4.0
28,317108,5.0
28,1110296,3.0
28,571280,5.0
28,16386,4.0
28,683427,5.0
28,465436,4.0
28,419330,5.0
28,439978,5.0
28,1496187,5.0
28,2509293,2.0
28,2525544,5.0
28,961686,3.0
28,1705134,3.0
28,970031,3.0
28,786415,4.0
28,2645399,4.0
28,2396097,4.0
28,2168178,3.0
28,982888,4.0
28,372233,4.0
28,201303,4.0
28,1113647,1.0
28,1807821,3.0
28,793754,5.0
28,1838886,3.0
28,2217731,5.0
28,1541814,5.0
28,1877623,4.0
28,2620590,4.0
28,408459,3.0
28,2631649,3.0
28,20918,2.0
28,1519073,3.0
28,2123669,3.0
28,837993,5.0
28,1277391,5.0
28,126877,4.0
28,2542131,5.0
28,327179,5.0
28,2400183,4.0
28,915571,4.0
28,637282,4.0
28,1792108,3.0
28,2503255,4.0
28,2068869,3.0
28,870391,3.0
28,1946921,3.0
28,491329,2.0
28,2219523,4.0
28,1761255,2.0
28,2402990,4.0
28,694422,5.0
28,781949,3.0
28,2125035,4.0
28,200255,4.0
28,333277,4.0
28,690505,4.0
28,2325270,4.0
28,676278,3.0
28,1964248,5.0
28,1502196,3.0
28,2543231,5.0
28,1424751,4.0
28,827257,4.0
28,1495055,4.0
28,1245640,5.0
28,1177218,3.0
28,1303007,5.0
28,1495252,4.0
28,1146375,4.0
28,1183357,2.0
28,2160787,4.0
28,774717,3.0
28,1781408,4.0
28,750379,4.0
28,1926450,4.0
28,2319023,4.0
28,1260217,5.0
28,1718242,4.0
28,1186073,3.0
28,2332556,5.0
28,175865,1.0
28,212729,4.0
28,1125890,3.0
28,2264352,5.0
28,1771587,5.0
28,1348148,2.0
28,1713873,5.0
28,2617911,3.0
28,2416619,3.0
28,2315741,4.0
28,561733,4.0
28,266808,3.0
28,2508191,3.0
28,1080361,5.0
28,133060,1.0
28,1592610,4.0
28,1712165,5.0
28,360923,4.0
28,1097350,3.0
28,1236105,2.0
28,981995,2.0
28,27870,3.0
28,880866,3.0
28,94912,3.0
28,2084043,3.0
28,2286538,3.0
28,2268573,1.0
28,1978844,4.0
28,2611587,5.0
28,549534,2.0
28,800136,3.0
28,1122179,3.0
28,1616406,4.0
28,886317,3.0
28,1265716,4.0
28,2035994,5.0
28,2637948,4.0
28,185495,5.0
28,2155399,2.0
28,2087711,4.0
28,2475820,4.0
28,904898,4.0
28,2609784,5.0
28,2243703,4.0
28,2602480,4.0
28,693720,4.0
28,335572,2.0
28,1081905,2.0
28,771805,4.0
28,2602942,5.0
28,754135,3.0
28,616126,3.0
28,1931966,4.0
28,2226250,3.0
28,1630930,4.0
28,941624,5.0
28,850384,4.0
28,513501,5.0
28,2088489,5.0
28,1579413,5.0
28,615240,3.0
28,152583,4.0
28,303948,4.0
28,1160300,4.0
28,2103154,4.0
28,1837439,3.0
28,963962,4.0
28,1701514,4.0
28,558634,3.0
28,2600558,5.0
28,429038,5.0
28,192934,4.0
28,1488926,3.0
28,940910,3.0
28,2384855,4.0
28,2491997,4.0
28,763779,5.0
28,1231117,3.0
28,2090015,3.0
28,2397231,3.0
28,1224299,3.0
28,1294781,3.0
28,2328115,4.0
28,2244849,5.0
28,1267500,3.0
28,1063838,3.0
28,409239,3.0
28,69183,3.0
28,392255,5.0
28,1258971,3.0
28,2290341,4.0
28,903799,5.0
28,2155716,3.0
28,1286998,3.0
28,1321126,4.0
28,752670,2.0
28,1809046,5.0
28,1039981,5.0
28,474541,5.0
28,962318,4.0
28,872028,4.0
28,2594837,5.0
28,534237,5.0
28,639194,5.0
28,125296,5.0
28,937847,3.0
28,162348,4.0
28,318301,2.0
28,2354626,5.0
28,81608,3.0
28,1961168,4.0
28,491331,5.0
28,1794015,4.0
28,1300793,4.0
28,289162,5.0
28,1652831,3.0
28,1107099,4.0
28,2563494,4.0
28,765066,3.0
28,1098965,4.0
28,1206843,3.0
28,1207366,5.0
28,76249,4.0
28,1470317,5.0
28,287439,4.0
28,315484,4.0
28,1439097,5.0
28,2494633,3.0
28,741351,3.0
28,245808,4.0
28,112320,5.0
28,402377,3.0
28,4409,5.0
28,2211487,4.0
28,826409,3.0
28,1176077,5.0
28,2358256,3.0
28,2028581,4.0
28,1155253,5.0
28,2050389,5.0
28,1030733,5.0
28,182031,4.0
28,235253,3.0
28,2259279,5.0
28,437680,1.0
28,1955706,3.0
28,1896369,4.0
28,2595888,5.0
28,185509,5.0
28,2646712,5.0
28,308031,4.0
28,2048686,5.0
28,2554745,3.0
28,1903175,3.0
28,1813114,3.0
28,2091752,2.0
28,1343332,4.0
28,1922155,3.0
28,53521,4.0
28,2169283,5.0
28,543825,3.0
28,10273,3.0
28,1673185,3.0
28,245884,4.0
28,1355097,2.0
28,300146,4.0
28,1273429,4.0
28,1794933,1.0
28,1572469,4.0
28,806909,4.0
28,2387904,3.0
28,1515591,3.0
28,601955,2.0
28,1181550,5.0
28,2135792,4.0
28,1783036,5.0
28,310799,5.0
28,1227322,2.0
28,290916,3.0
28,2465894,4.0
28,1955367,4.0
28,415580,4.0
28,2479960,5.0
28,2488156,4.0
28,1109861,3.0
28,75214,4.0
28,1658806,3.0
28,2491620,4.0
28,2440674,5.0
28,230393,4.0
28,654043,3.0
28,651376,3.0
28,1579747,3.0
28,86365,5.0
28,1279939,5.0
28,668236,4.0
28,786360,4.0
28,2069036,5.0
28,249445,4.0
28,2041435,5.0
28,2569684,1.0
28,2478777,3.0
28,2192190,4.0
28,35511,3.0
28,1774516,3.0
28,1094578,5.0
28,2023030,4.0
28,798852,3.0
28,930710,3.0
28,993568,1.0
28,1594839,4.0
28,1842709,4.0
28,2602249,3.0
28,2555272,5.0
28,968447,4.0
28,594259,4.0
28,1473924,4.0
28,1580481,4.0
28,987066,3.0
28,337541,4.0
28,486507,1.0
28,2604824,4.0
28,1614266,4.0
28,404652,5.0
28,2432862,5.0
28,2015597,3.0
28,2252223,3.0
28,1220170,3.0
28,317168,3.0
28,737758,5.0
28,798524,3.0
28,148550,2.0
28,371300,4.0
28,2247811,4.0
28,2229308,5.0
28,1107022,3.0
28,738657,4.0
28,1314890,4.0
28,1599855,4.0
28,1348335,4.0
28,43530,4.0
28,1521508,5.0
28,822173,4.0
28,1253980,4.0
28,848091,4.0
28,1453873,5.0
28,2330762,4.0
28,1603364,4.0
28,446309,4.0
28,1236952,4.0
28,2106758,3.0
28,1295115,4.0
28,1146649,3.0
28,2240828,3.0
28,436806,3.0
28,1059437,4.0
28,1232404,4.0
28,1876459,5.0
28,682093,4.0
28,950189,3.0
28,390445,5.0
28,1187949,3.0
28,366695,3.0
28,1805888,3.0
28,2250552,4.0
28,43064,5.0
28,564748,5.0
28,700939,3.0
28,1701487,4.0
28,1434637,4.0
28,324403,5.0
28,1036823,3.0
28,1597861,5.0
28,530670,2.0
28,2289283,3.0
28,1135038,3.0
28,1340285,5.0
28,843201,2.0
28,2553247,4.0
28,699662,3.0
28,2488386,4.0
28,1366054,5.0
28,471414,3.0
28,1599875,4.0
28,178113,5.0
28,1792621,3.0
28,2630072,3.0
28,1325876,4.0
28,2103907,3.0
28,2241486,5.0
28,1735228,4.0
28,652797,3.0
28,2493903,1.0
28,2366006,4.0
28,642060,4.0
28,897692,4.0
28,1033629,5.0
28,1764247,3.0
28,2388205,4.0
28,588953,5.0
28,490992,5.0
28,831920,5.0
28,1818524,3.0
28,49892,5.0
28,2073205,3.0
28,2461508,5.0
28,788182,4.0
28,1314463,4.0
28,631636,3.0
28,1115803,2.0
28,2419406,5.0
28,1002587,5.0
28,1212397,4.0
28,260347,4.0
28,347629,4.0
28,1197233,3.0
28,1080872,5.0
28,641013,5.0
28,1375808,5.0
28,592951,1.0
28,710421,3.0
28,1372014,3.0
28,2271716,5.0
28,1154813,2.0
28,1391997,5.0
28,2506101,3.0
28,135749,3.0
28,1367807,4.0
28,917679,4.0
28,481862,5.0
28,2390783,4.0
28,1916224,4.0
28,804841,3.0
28,787873,5.0
28,1889212,3.0
28,1987073,5.0
28,2203834,4.0
28,2488790,4.0
28,2093058,5.0
28,1135143,2.0
28,2479632,3.0
28,244630,5.0
28,2301393,1.0
28,734541,5.0
28,317779,4.0
28,1097970,2.0
28,211761,4.0
28,1734512,4.0
28,2395070,4.0
28,2473345,4.0
28,1988873,5.0
28,2407154,5.0
28,1942723,4.0
28,85550,5.0
28,587812,2.0
28,1313694,3.0
28,2062997,5.0
28,1846583,1.0
28,1912952,3.0
28,1036139,4.0
28,2289991,1.0
28,16581,5.0
28,2631102,1.0
28,2468360,5.0
28,1015558,4.0
28,43751,3.0
28,342330,3.0
28,2479086,5.0
28,1322839,3.0
28,150869,5.0
28,881486,3.0
28,1512574,4.0
28,1765862,3.0
28,124829,2.0
28,214955,5.0
28,1528653,4.0
28,1357085,4.0
28,1179117,2.0
28,354838,4.0
28,1747154,4.0
28,814989,2.0
28,1011236,5.0
28,1675619,4.0
28,95358,4.0
28,371897,2.0
28,2618126,5.0
28,30976,4.0
28,347583,3.0
28,839350,4.0
28,2404146,5.0
28,559829,4.0
28,2631668,3.0
28,25533,4.0
28,1504131,4.0
28,1257700,4.0
28,2096154,3.0
28,1115274,2.0
28,178588,3.0
28,1367078,2.0
28,998865,4.0
28,1345710,2.0
28,1648695,4.0
28,2266083,4.0
28,1378890,5.0
28,2414992,4.0
28,895069,4.0
28,2102030,4.0
28,1048793,4.0
28,1321396,4.0
28,1226073,3.0
28,570929,4.0
28,1983493,5.0
28,1559165,4.0
28,168108,4.0
28,2119007,5.0
28,255552,4.0
28,738080,2.0
28,2137489,5.0
28,919479,4.0
28,1154287,3.0
28,476765,3.0
28,302785,4.0
28,1564576,3.0
28,1259114,3.0
28,139212,3.0
28,935413,4.0
28,53878,1.0
28,2109681,3.0
28,2508428,4.0
28,21157,5.0
28,311641,3.0
28,1614636,5.0
28,2091744,3.0
28,1916244,3.0
28,1328996,4.0
28,385977,4.0
28,1782465,3.0
28,446456,4.0
28,650326,5.0
28,1954032,4.0
28,1653438,3.0
28,649969,1.0
28,999456,4.0
28,1380374,3.0
28,354091,4.0
28,2625065,4.0
28,847615,3.0
28,1320926,4.0
28,2072798,2.0
28,1759845,4.0
28,2364099,5.0
28,2100684,4.0
28,1234517,5.0
28,116168,3.0
28,1564058,4.0
28,1161725,5.0
28,1626301,3.0
28,2213715,4.0
28,1650068,5.0
28,1903123,4.0
28,1733406,3.0
28,781778,4.0
28,328364,3.0
28,2045348,4.0
28,1663295,4.0
28,1704552,5.0
28,2049414,3.0
28,1520166,5.0
28,1384003,3.0
28,1937486,2.0
28,582092,4.0
28,1382057,4.0
28,539249,5.0
28,566819,5.0
28,1840435,4.0
28,762999,4.0
28,1000965,4.0
28,296153,5.0
28,1498913,4.0
28,1902747,4.0
28,933255,4.0
28,1009622,3.0
28,1118103,3.0
28,447339,2.0
28,1732859,3.0
28,1746015,4.0
28,647216,5.0
28,348070,5.0
28,1150025,3.0
28,1044120,5.0
28,30087,5.0
28,1278882,3.0
28,232955,3.0
28,1043089,4.0
28,1943596,4.0
28,1830763,4.0
28,2631605,4.0
28,2609333,4.0
28,2582726,5.0
28,2470194,4.0
28,2387961,5.0
28,79224,5.0
28,1101854,5.0
28,633094,4.0
28,1068044,3.0
28,306809,5.0
28,2476668,3.0
28,1524383,4.0
28,1481961,5.0
28,625699,4.0
28,1927676,4.0
28,1637761,3.0
28,2110677,5.0
28,2120652,4.0
28,661407,2.0
28,2145575,4.0
28,2036360,3.0
28,2116402,4.0
28,189230,3.0
28,1691792,4.0
28,1793313,4.0
28,1675159,5.0
28,1680362,3.0
28,1135374,5.0
28,2018721,4.0
28,1475035,4.0
28,2210112,3.0
28,2314206,3.0
28,762369,2.0
28,1538173,3.0
28,1521983,5.0
28,530740,4.0
28,2644238,5.0
28,7601,4.0
28,1054626,3.0
28,2046091,3.0
28,2361111,5.0
28,1741099,5.0
28,541870,4.0
28,1451388,3.0
28,1837827,5.0
28,496631,4.0
28,1688557,4.0
28,1286347,4.0
28,845653,3.0
28,2107198,5.0
28,2568779,2.0
28,18103,3.0
28,363163,5.0
28,2045981,4.0
28,995437,3.0
28,380505,4.0
28,2041252,3.0
28,2219063,4.0
28,530675,5.0
28,1277092,4.0
28,502086,5.0
28,2616306,4.0
28,469003,5.0
28,2065028,4.0
28,313311,5.0
28,1317009,1.0
28,1716910,5.0
28,1467668,5.0
28,1702892,2.0
28,1319449,5.0
28,286106,4.0
28,1962947,4.0
28,1191122,3.0
28,1428848,3.0
28,1434636,2.0
28,2101803,4.0
28,2495094,3.0
28,1509395,4.0
28,2360401,5.0
28,1427332,5.0
28,2364018,4.0
28,491074,2.0
28,1784150,3.0
28,1439015,4.0
28,2069624,4.0
28,114551,3.0
28,1416836,1.0
28,439830,5.0
28,2127755,4.0
28,2119151,5.0
28,1049975,4.0
28,153102,3.0
28,1083968,3.0
28,319226,3.0
28,424851,3.0
28,2045508,5.0
28,902249,5.0
28,1582098,5.0
28,1973956,4.0
28,1443236,5.0
28,2501391,4.0
28,1841531,2.0
28,2088413,5.0
28,51870,4.0
28,2092076,2.0
28,1237674,4.0
28,921732,4.0
28,2569971,3.0
28,1033433,3.0
28,113654,5.0
28,109898,5.0
28,1216096,3.0
28,2537646,4.0
28,155342,5.0
28,2495584,3.0
28,999378,3.0
28,821883,4.0
28,550261,3.0
28,1596074,3.0
28,2245347,4.0
28,1751847,3.0
28,1686401,5.0
28,1944824,2.0
28,1208146,4.0
28,2299784,4.0
28,1149582,5.0
28,1457139,4.0
28,1853136,5.0
28,2223102,4.0
28,2634386,4.0
28,1952473,2.0
28,1644335,2.0
28,568832,3.0
28,863778,5.0
28,304882,3.0
28,1216815,4.0
28,923889,3.0
28,1091772,3.0
28,36329,4.0
28,1190094,4.0
28,2431407,4.0
28,1262753,3.0
28,1401343,4.0
28,1686932,4.0
28,950078,5.0
28,1494153,4.0
28,121943,4.0
28,178860,3.0
28,313087,4.0
28,1674254,4.0
28,885087,2.0
28,680132,4.0
28,1468050,4.0
28,2331662,3.0
28,133119,4.0
28,521646,4.0
28,945327,3.0
28,714303,4.0
28,1960412,4.0
28,784041,3.0
28,1724717,4.0
28,457011,3.0
28,2464928,3.0
28,1891024,3.0
28,1066926,5.0
28,2328754,2.0
28,1714428,3.0
28,942668,4.0
28,2042561,4.0
28,630153,4.0
28,1309838,5.0
28,2407582,4.0
28,831988,3.0
28,2145441,5.0
28,728288,5.0
28,1945559,4.0
28,2071995,4.0
28,980043,4.0
28,313962,2.0
28,2216056,4.0
28,847917,4.0
28,1630967,2.0
28,1870572,5.0
28,113383,2.0
28,1134129,5.0
28,2342060,3.0
28,1307137,4.0
28,2085613,5.0
28,1335582,5.0
28,261348,3.0
28,2266166,4.0
28,2216856,4.0
28,2455068,4.0
28,1514695,3.0
28,484407,4.0
28,1611560,4.0
28,1061353,4.0
28,1694142,2.0
28,614096,3.0
28,2389514,4.0
28,688892,5.0
28,2043555,4.0
28,1553126,5.0
28,1564649,5.0
28,1159695,5.0
28,2008128,3.0
28,108484,2.0
28,505375,4.0
28,158197,4.0
28,1752727,4.0
28,1631237,4.0
28,767537,5.0
28,2401492,3.0
28,250162,5.0
28,2265877,3.0
28,1363670,5.0
28,1780039,4.0
28,1341649,4.0
28,2094970,2.0
28,763272,2.0
28,263288,5.0
28,95300,2.0
28,1049332,4.0
28,1681299,5.0
28,994106,5.0
28,2217043,3.0
28,1696308,4.0
28,921345,3.0
28,591622,4.0
28,1980604,3.0
28,447303,5.0
28,1676207,3.0
28,431646,4.0
28,1546373,3.0
28,1828587,3.0
28,1636268,3.0
28,1149811,3.0
28,1474282,3.0
28,2467814,1.0
28,185973,5.0
28,695907,5.0
28,1750785,4.0
28,926579,4.0
28,2619718,5.0
28,459615,3.0
28,1305384,4.0
28,1018901,3.0
28,213704,4.0
28,196915,4.0
28,1023101,3.0
28,1259696,3.0
28,2648589,3.0
28,2515643,2.0
28,2643418,4.0
28,2084925,5.0
28,768771,5.0
28,643058,2.0
28,1103403,3.0
28,1917508,3.0
28,1930463,3.0
28,2406150,3.0
28,280978,5.0
28,1363315,5.0
28,1228197,5.0
28,481496,4.0
28,901520,4.0
28,371781,4.0
28,984936,5.0
28,787736,4.0
28,1731106,2.0
28,1079598,4.0
28,1226844,4.0
28,1292749,4.0
28,302102,4.0
28,532948,3.0
28,281216,2.0
28,1658467,5.0
28,459772,5.0
28,2284938,3.0
28,2345300,5.0
28,844748,3.0
28,717542,4.0
28,820568,5.0
28,1264935,4.0
28,2215923,5.0
28,1010288,4.0
28,512352,3.0
28,944968,4.0
28,188570,5.0
28,621274,5.0
28,650960,3.0
28,404654,5.0
28,1115285,5.0
28,374858,1.0
28,82103,3.0
28,864334,4.0
28,431625,4.0
28,556776,4.0
28,1610646,4.0
28,810953,4.0
28,587503,4.0
28,677314,4.0
28,2257811,5.0
28,148394,3.0
28,2307943,3.0
28,725903,4.0
28,1349706,4.0
28,818816,4.0
28,1252011,4.0
28,1195319,3.0
28,41724,3.0
28,1658098,4.0
28,1782505,5.0
28,1102582,3.0
28,707804,2.0
28,1508003,2.0
28,2573207,3.0
28,2269654,3.0
28,469021,4.0
28,1902621,3.0
28,2090902,4.0
28,758932,4.0
28,645523,4.0
28,2299723,4.0
28,1108304,4.0
28,2228058,4.0
28,1289074,2.0
28,1552183,5.0
28,285031,5.0
28,1928780,3.0
28,2451368,3.0
28,1092228,3.0
28,2389729,3.0
28,962384,3.0
28,1777888,4.0
28,1834234,5.0
28,380354,5.0
28,753663,4.0
28,749662,3.0
28,1613882,3.0
28,2055178,5.0
28,942769,4.0
28,2413457,4.0
28,722289,5.0
28,350294,4.0
28,1810074,2.0
28,1489065,4.0
28,918021,4.0
28,238525,3.0
28,1700782,4.0
28,1481385,4.0
28,1456621,3.0
28,2172013,4.0
28,930604,4.0
28,2017214,4.0
28,1358962,3.0
28,803911,1.0
28,2465236,4.0
28,1859573,3.0
28,1114409,3.0
28,131974,4.0
28,800445,4.0
28,157711,3.0
28,583554,5.0
28,349652,3.0
28,843204,3.0
28,1985760,4.0
28,586835,3.0
28,2634805,4.0
28,2517390,3.0
28,1690399,5.0
28,1818137,3.0
28,1632987,4.0
28,1292118,3.0
28,859354,5.0
28,1463862,2.0
28,2261763,4.0
28,2280881,3.0
28,662412,5.0
28,2573288,3.0
28,2604976,3.0
28,2365709,4.0
28,826184,1.0
28,378857,4.0
28,1708281,4.0
28,1011293,5.0
28,1278832,3.0
28,1657342,5.0
28,1711802,4.0
28,452106,5.0
28,1166750,3.0
28,150963,5.0
28,2416180,4.0
28,940434,5.0
28,567822,3.0
28,1518071,4.0
28,2496628,4.0
28,2163361,3.0
28,1106982,3.0
28,2437854,3.0
28,2239241,4.0
28,1790092,5.0
28,2598028,1.0
28,1536369,4.0
28,706198,5.0
28,631747,4.0
28,796682,3.0
28,503235,2.0
28,2569044,5.0
28,2522681,5.0
28,1801709,5.0
28,1977612,3.0
28,1508625,3.0
28,2032698,5.0
28,697513,3.0
28,229617,1.0
28,1010364,2.0
28,2484595,3.0
28,2077104,5.0
28,760072,5.0
28,2072326,4.0
28,951446,3.0
28,1642319,4.0
28,2466146,5.0
28,2272721,4.0
28,789969,5.0
28,785031,4.0
28,1111748,2.0
28,1058392,5.0
28,208113,3.0
28,222832,4.0
28,1610263,3.0
28,818025,5.0
28,47312,4.0
28,633253,4.0
28,111965,2.0
28,2424839,4.0
28,846465,5.0
28,978437,4.0
28,1756480,5.0
28,1148460,4.0
28,1906666,3.0
28,2353991,3.0
28,1783202,3.0
28,2073766,5.0
28,313046,3.0
28,1103969,4.0
28,411396,5.0
28,1556097,4.0
28,1045352,2.0
28,2472440,3.0
28,1009409,4.0
28,1721134,4.0
28,1687191,5.0
28,2410252,4.0
28,2138757,4.0
28,2041533,4.0
28,1162743,4.0
28,1597249,3.0
28,1466332,5.0
28,1254310,4.0
28,1728403,2.0
28,2016869,3.0
28,1084538,5.0
28,851370,1.0
28,305733,5.0
28,872323,4.0
28,1207143,4.0
28,2494005,5.0
28,699783,4.0
28,135698,3.0
28,514519,5.0
28,1165490,3.0
28,1947240,3.0
28,198936,5.0
28,1788130,2.0
28,740695,5.0
28,1245896,4.0
28,2436583,2.0
28,476851,3.0
28,716874,5.0
28,2524282,3.0
28,1750443,3.0
28,1003201,3.0
28,2584740,3.0
28,2516788,3.0
28,1316671,2.0
28,973703,5.0
28,2034101,5.0
28,2152838,4.0
28,2247938,4.0
28,2047145,3.0
28,1619747,5.0
28,542153,4.0
28,937784,5.0
28,2146672,3.0
28,1474319,4.0
28,1634668,3.0
28,691919,4.0
28,962098,4.0
28,2429449,5.0
28,1435335,3.0
28,409968,5.0
28,2640550,4.0
28,774606,3.0
28,1600039,5.0
28,640098,4.0
28,1291419,4.0
28,1033100,3.0
28,2640203,3.0
28,2492392,3.0
28,874829,4.0
28,1493697,4.0
28,956229,3.0
28,2093957,5.0
28,322874,5.0
28,732363,3.0
28,779144,3.0
28,246200,5.0
28,1354763,5.0
28,256562,4.0
28,867788,3.0
28,1291191,5.0
28,1137642,5.0
28,293766,5.0
28,2237950,4.0
28,941600,5.0
28,336067,4.0
28,219903,4.0
28,819068,3.0
28,1569765,2.0
28,415098,4.0
28,328516,5.0
28,2239984,5.0
28,417641,3.0
28,1070629,5.0
28,1150238,3.0
28,962564,3.0
28,1472571,3.0
28,968242,3.0
28,1977831,4.0
28,378230,4.0
28,761371,3.0
28,737385,4.0
28,1347949,5.0
28,2201323,3.0
28,2621846,2.0
28,2149827,4.0
28,1170871,4.0
28,876635,5.0
28,2093215,3.0
28,1423249,3.0
28,2361520,4.0
28,2376624,3.0
28,555651,4.0
28,248151,3.0
28,1325843,4.0
28,2572565,5.0
28,891618,3.0
28,985946,5.0
28,710933,4.0
28,492993,3.0
28,1546862,5.0
28,445491,4.0
28,1410063,4.0
28,394194,4.0
28,553787,2.0
28,1502195,5.0
28,1814098,4.0
28,1620201,4.0
28,1000192,2.0
28,2547993,4.0
28,2176431,3.0
28,1327787,4.0
28,755584,3.0
28,199769,4.0
28,1837047,5.0
28,1249577,4.0
28,395747,3.0
28,912093,4.0
28,756992,4.0
28,2251582,3.0
28,1566876,3.0
28,1942005,3.0
28,1536171,2.0
28,2479320,4.0
28,269554,1.0
28,1332983,1.0
28,338396,3.0
28,894921,4.0
28,705923,2.0
28,1392518,3.0
28,1843540,5.0
28,1554241,4.0
28,1631433,5.0
28,398994,5.0
28,333426,4.0
28,745542,4.0
28,2242596,4.0
28,161104,3.0
28,2604264,2.0
28,124810,4.0
28,483981,4.0
28,1663569,5.0
28,1234398,4.0
28,754187,3.0
28,1288714,3.0
28,563447,3.0
28,840163,2.0
28,317504,5.0
28,2012250,3.0
28,22663,2.0
28,1731449,5.0
28,2319621,3.0
28,1018379,5.0
28,528522,3.0
28,1629943,5.0
28,54325,5.0
28,378636,5.0
28,2491070,5.0
28,1618153,5.0
28,1389451,3.0
28,2413747,4.0
28,2411840,2.0
28,2639728,4.0
28,1862392,4.0
28,257622,3.0
28,900455,5.0
28,850882,4.0
28,447612,3.0
28,727242,1.0
28,1713587,4.0
28,479327,2.0
28,594870,5.0
28,167410,3.0
28,826062,3.0
28,49585,3.0
28,2488764,3.0
28,2396197,3.0
28,2595156,3.0
28,1303158,4.0
28,1356239,2.0
28,1208894,4.0
28,487949,3.0
28,356100,4.0
28,519760,4.0
28,1928597,2.0
28,1843135,3.0
28,1195863,4.0
28,173337,5.0
28,2426539,5.0
28,21705,4.0
28,1407104,3.0
28,1242806,5.0
28,1554196,4.0
28,795665,4.0
28,2370879,3.0
28,187896,3.0
28,89853,4.0
28,608538,4.0
28,994838,3.0
28,1074143,3.0
28,1930496,4.0
28,1433690,3.0
28,2538248,4.0
28,706349,3.0
28,1899578,4.0
28,1320147,5.0
28,2248489,3.0
28,883478,4.0
28,52029,3.0
28,33430,3.0
28,1579340,5.0
28,1225226,5.0
28,1872822,5.0
28,1796422,2.0
28,2059751,5.0
28,2388917,5.0
28,1703668,5.0
28,2068022,4.0
28,1270565,5.0
28,680979,3.0
28,84454,4.0
28,1282458,3.0
28,90281,5.0
28,1536492,2.0
28,1124163,3.0
28,312299,4.0
28,1757843,4.0
28,2397914,4.0
28,1879137,3.0
28,2327309,5.0
28,1715651,3.0
28,2489437,2.0
28,512303,5.0
28,401707,4.0
28,2457710,5.0
28,2173870,5.0
28,2001820,5.0
28,2352662,4.0
28,269689,3.0
28,1590697,4.0
28,1385988,2.0
28,1709921,4.0
28,627312,3.0
28,1997103,3.0
28,1512617,5.0
28,383702,3.0
28,2322383,4.0
28,1936750,5.0
28,1567202,1.0
28,1725009,5.0
28,1259776,4.0
28,2557491,5.0
28,474700,4.0
28,1693122,1.0
28,2424677,4.0
28,1972040,4.0
28,1850088,3.0
28,336411,4.0
28,679394,2.0
28,1423100,3.0
28,1932785,5.0
28,1768308,2.0
28,921502,4.0
28,2067896,4.0
28,223641,4.0
28,478176,4.0
28,2437697,5.0
28,1925969,5.0
28,2282186,4.0
28,1532920,5.0
28,377808,5.0
28,235789,5.0
28,2175291,3.0
28,261107,4.0
28,468126,3.0
28,56371,2.0
28,1879195,3.0
28,2096888,1.0
28,1932270,5.0
28,2084678,3.0
28,1880040,4.0
28,2460896,5.0
28,1094027,3.0
28,2308850,4.0
28,299218,3.0
28,1838912,5.0
28,1851033,3.0
28,1531780,4.0
28,1810565,4.0
28,1949178,5.0
28,428568,4.0
28,2441383,5.0
28,1160505,3.0
28,1974166,4.0
28,14189,4.0
28,1079448,5.0
28,1894853,5.0
28,627172,4.0
28,1635708,3.0
28,706264,5.0
28,223803,3.0
28,2648287,3.0
28,643641,4.0
28,2375964,2.0
28,420703,5.0
28,2598046,3.0
28,1970390,5.0
28,1840368,4.0
28,891694,3.0
28,2100210,4.0
28,1498767,1.0
28,345172,4.0
28,944542,5.0
28,1352219,5.0
28,491623,5.0
28,1975483,4.0
28,2535601,2.0
28,535419,2.0
28,248143,4.0
28,56310,4.0
28,1228535,4.0
28,387829,4.0
28,169316,5.0
28,671020,3.0
28,2224525,5.0
28,449967,4.0
28,1690697,5.0
28,1885718,4.0
28,1311436,4.0
28,999410,5.0
28,1126513,3.0
28,1798240,4.0
28,1026504,4.0
28,470229,5.0
28,739683,4.0
28,2382875,3.0
28,131752,4.0
28,375022,4.0
28,2192781,4.0
28,1490728,4.0
28,1563245,3.0
28,1002524,3.0
28,98179,4.0
28,1638551,3.0
28,2315038,4.0
28,2378867,3.0
28,1277996,4.0
28,2458835,4.0
28,2098046,4.0
28,664809,4.0
28,2278224,4.0
28,2333763,4.0
28,90853,4.0
28,627975,5.0
28,1287155,4.0
28,1600209,3.0
28,823157,4.0
28,1468972,1.0
28,306350,3.0
28,602084,5.0
28,1371422,3.0
28,1566455,4.0
28,2274312,4.0
28,1329408,5.0
28,807738,4.0
28,2527376,4.0
28,2236190,3.0
28,1323467,3.0
28,586694,3.0
28,133707,2.0
28,2409015,3.0
28,1060657,3.0
28,2627893,5.0
28,2550838,4.0
28,1432623,4.0
28,2301000,3.0
28,956874,4.0
28,1293202,2.0
28,2636960,2.0
28,2293122,5.0
28,563019,3.0
28,277916,2.0
28,213750,4.0
28,830370,5.0
28,1609399,4.0
28,1079722,5.0
28,1394815,5.0
28,1613540,4.0
28,1772667,3.0
28,68472,5.0
28,1858421,5.0
28,428465,4.0
28,1582864,4.0
28,1381841,5.0
28,2381683,4.0
28,730628,5.0
28,1776625,5.0
28,864061,2.0
28,1918316,4.0
28,190474,3.0
28,542657,4.0
28,1856275,4.0
28,1501028,3.0
28,1365396,4.0
28,1036992,4.0
28,2503089,4.0
28,544808,5.0
28,1955408,4.0
28,1053278,5.0
28,498648,4.0
28,2307586,4.0
28,1813076,4.0
28,1786112,4.0
28,1997478,5.0
28,1324834,5.0
28,76963,4.0
28,199530,5.0
28,1622945,3.0
28,1680732,4.0
28,1005202,4.0
28,2355630,3.0
28,89453,4.0
28,1272379,4.0
28,1873377,3.0
28,1462488,4.0
28,1458835,3.0
28,1876156,4.0
28,1872204,3.0
28,1579616,5.0
28,268567,4.0
28,629383,3.0
28,2171718,3.0
28,2359103,3.0
28,199257,3.0
28,385268,3.0
28,1396046,3.0
28,1169855,2.0
28,741852,4.0
28,199780,4.0
28,979261,3.0
28,981504,5.0
28,1687663,4.0
28,1101438,5.0
28,1144870,4.0
28,577103,3.0
28,1251664,3.0
28,1874239,4.0
28,2643933,4.0
28,1763064,3.0
28,290007,4.0
28,1054564,4.0
28,1993625,3.0
28,1047147,3.0
28,1919448,5.0
28,462344,5.0
28,195120,5.0
28,921528,4.0
28,745238,5.0
28,1632470,4.0
28,543279,2.0
28,2183370,4.0
28,609087,4.0
28,1572858,5.0
28,1540127,4.0
28,1896825,4.0
28,739028,3.0
28,1139903,4.0
28,10947,3.0
28,519965,3.0
28,20392,5.0
28,400909,4.0
28,1435361,5.0
28,977533,4.0
28,1328954,2.0
28,578263,4.0
28,2171904,5.0
28,104899,5.0
28,64741,5.0
28,273019,5.0
28,1475543,4.0
28,1102045,1.0
28,754255,3.0
28,1635220,4.0
28,2414191,1.0
28,1287451,5.0
28,1320774,3.0
28,554840,3.0
28,1660662,5.0
28,169311,3.0
28,1860339,3.0
28,259497,4.0
28,2136480,4.0
28,63493,5.0
28,516722,4.0
28,1232582,2.0
28,1631874,4.0
28,826193,5.0
28,355121,5.0
28,2587616,5.0
28,1597776,4.0
28,229833,4.0
28,1966321,5.0
28,1503090,4.0
28,721546,4.0
28,1316604,4.0
28,386474,4.0
28,1445236,4.0
28,2035299,3.0
28,2648181,5.0
28,125713,3.0
28,2311049,5.0
28,1792741,3.0
28,1707320,5.0
28,7921,4.0
28,1077044,4.0
28,169835,3.0
28,67769,4.0
28,501497,3.0
28,799286,4.0
28,735710,5.0
28,1729738,5.0
28,1078129,3.0
28,1646449,4.0
28,918750,4.0
28,2216585,3.0
28,1974759,4.0
28,1751572,3.0
28,1846028,4.0
28,1327781,3.0
28,1759886,3.0
28,2227804,5.0
28,1553715,4.0
28,1176462,5.0
28,1323848,2.0
28,1223807,3.0
28,775253,4.0
28,1314869,4.0
28,586128,4.0
28,488116,5.0
28,11826,3.0
28,1415254,4.0
28,286567,4.0
28,2257731,4.0
28,517486,3.0
28,873056,4.0
28,1701322,5.0
28,1819801,4.0
28,2129706,4.0
28,77989,4.0
28,599328,5.0
28,1429068,5.0
28,2457857,5.0
28,45937,4.0
28,2642389,4.0
28,1267783,4.0
28,2079932,4.0
28,2284214,4.0
28,2349412,4.0
28,1665415,2.0
28,1659398,4.0
28,1500614,5.0
28,625300,4.0
28,1241706,4.0
28,672643,5.0
28,132562,3.0
28,2169183,4.0
28,2100574,5.0
28,2337940,5.0
28,1583129,5.0
28,2408589,4.0
28,2085110,3.0
28,791026,3.0
28,841135,5.0
28,1019536,4.0
28,666480,4.0
28,968759,5.0
28,1432885,4.0
28,387341,4.0
28,2003550,4.0
28,460446,5.0
28,1761229,2.0
28,814864,5.0
28,2397374,4.0
28,1572816,3.0
28,2032944,5.0
28,829701,4.0
28,1710237,5.0
28,1342407,3.0
28,1566134,2.0
28,1130133,4.0
28,22842,5.0
28,905074,3.0
28,864172,3.0
28,1556647,3.0
28,1111656,1.0
28,662624,2.0
28,1341779,5.0
28,2279018,4.0
28,1317589,1.0
28,2417957,5.0
28,2279742,4.0
28,1234055,5.0
28,1852037,4.0
28,1813197,5.0
28,1311189,4.0
28,1928860,5.0
28,1719610,5.0
28,2092746,5.0
28,770469,4.0
28,1392228,5.0
28,106981,5.0
28,628670,1.0
28,2468821,5.0
28,401917,5.0
28,1255703,5.0
28,1119016,3.0
28,964730,4.0
28,766982,4.0
28,1718861,3.0
28,2058372,4.0
28,2244589,3.0
28,1036991,3.0
28,1882485,5.0
28,4057,4.0
28,2209897,3.0
28,1342785,1.0
28,50253,4.0
28,1665827,4.0
28,2540418,4.0
28,998169,4.0
28,1216755,5.0
28,296149,5.0
28,1788632,5.0
28,2278738,5.0
28,2561901,4.0
28,1485175,4.0
28,1353216,4.0
28,2021377,4.0
28,1191566,4.0
28,769235,5.0
28,1644034,3.0
28,1605580,5.0
28,1233695,4.0
28,138391,3.0
28,777750,3.0
28,1315285,4.0
28,1201058,4.0
28,471624,3.0
28,1252150,3.0
28,2062763,4.0
28,1454798,5.0
28,976615,4.0
28,1531344,5.0
28,2296407,4.0
28,2536362,2.0
28,1121380,4.0
28,2061336,3.0
28,600835,4.0
28,497457,4.0
28,2429396,4.0
28,334051,5.0
28,2634707,4.0
28,1083252,5.0
28,1751371,4.0
28,2015956,3.0
28,2592889,3.0
28,547341,5.0
28,2331696,3.0
28,418403,4.0
28,2113683,4.0
28,652592,5.0
28,493587,3.0
28,1091776,4.0
28,952381,4.0
28,626444,5.0
28,779635,3.0
28,1921706,4.0
28,2342774,3.0
28,1240130,4.0
28,1561764,4.0
28,2457240,3.0
28,987078,3.0
28,2232853,4.0
28,1273296,4.0
28,1071084,4.0
28,1953616,4.0
28,1649582,3.0
28,1742939,3.0
28,1697790,4.0
28,454519,3.0
28,488565,5.0
28,1620184,4.0
28,1408341,5.0
28,2550324,3.0
28,2624537,4.0
28,636262,5.0
28,523688,5.0
28,2469477,4.0
28,2160085,5.0
28,523720,5.0
28,2115174,3.0
28,703996,3.0
28,2086623,3.0
28,1631676,4.0
28,1576991,3.0
28,391799,5.0
28,2582384,3.0
28,1291817,4.0
28,2528840,2.0
28,1893577,3.0
28,504211,3.0
28,1793777,4.0
28,741851,4.0
28,1366497,5.0
28,1815541,5.0
28,610997,3.0
28,688753,5.0
28,269088,3.0
28,892545,1.0
28,1246041,5.0
28,516343,4.0
28,974588,5.0
28,2405658,5.0
28,1674407,3.0
28,825779,4.0
28,1727342,5.0
28,272854,2.0
28,682873,5.0
28,1310748,3.0
28,1100863,4.0
28,1849541,3.0
28,1285643,3.0
28,1713284,5.0
28,1444509,4.0
28,727423,4.0
28,689026,2.0
28,2119724,5.0
28,2000859,4.0
28,2494903,4.0
28,359063,4.0
28,1374884,3.0
28,226010,3.0
28,859734,3.0
28,2497731,4.0
28,457477,2.0
28,2254872,5.0
28,1664193,5.0
28,1480734,4.0
28,826049,3.0
28,867886,2.0
28,1024554,5.0
28,1618291,5.0
28,2537424,4.0
28,2343135,4.0
28,441200,4.0
28,1270297,5.0
28,688182,2.0
28,131938,3.0
28,1265312,5.0
28,920932,4.0
28,1882719,5.0
28,1763289,4.0
28,1224296,1.0
28,328223,4.0
28,2094538,4.0
28,2089742,4.0
28,123097,4.0
28,2487508,1.0
28,991670,5.0
28,1331957,4.0
28,1703994,4.0
28,251004,4.0
28,782611,4.0
28,2262320,5.0
28,1133946,3.0
28,1751764,4.0
28,657408,4.0
28,1927527,4.0
28,2073753,3.0
28,59433,5.0
28,1018296,3.0
28,2233086,3.0
28,2238187,3.0
28,1467195,5.0
28,1462806,5.0
28,524672,3.0
28,1376671,3.0
28,1411663,4.0
28,2379200,3.0
28,2508065,3.0
28,1286689,4.0
28,2593882,3.0
28,1409728,2.0
28,1467867,4.0
28,2062350,5.0
28,2199270,3.0
28,1606342,4.0
28,2619823,4.0
28,1172719,5.0
28,1927703,4.0
28,2341640,3.0
